336.7814598083496, 56.165340423583984
209.10292053222656, 51.17581558227539
296.4119110107422, 49.125633239746094
121.81979370117188, 47.009368896484375
206.82357788085938, 45.047000885009766
3.104229211807251, 35.73786163330078
31.78390121459961, 37.60273361206055
302.672061920166, 48.53448486328125
287.8161392211914, 36.20596694946289
162.13043212890625, 35.436344146728516
333.9960422515869, 57.36448287963867
142.784912109375, 41.78713607788086
294.9811782836914, 33.76651382446289
194.370361328125, 52.71727752685547
154.56076049804688, 52.62187576293945
50.90818786621094, 42.743778228759766
195.50559997558594, 43.91756057739258
315.6572036743164, 49.21030044555664
307.9817543029785, 44.16188430786133
317.9018135070801, 47.093448638916016
307.7168960571289, 42.88949203491211
177.4757080078125, 44.803558349609375
307.81990814208984, 45.691932678222656
311.43724060058594, 48.69027328491211
292.2311782836914, 48.8402214050293
178.615478515625, 53.9372444152832
288.4068832397461, 37.57470703125
307.0829048156738, 51.42612838745117
308.0993537902832, 50.97348403930664
208.6254119873047, 52.71095657348633
181.84951782226562, 44.63749313354492
162.41273498535156, 43.50612258911133
190.0430908203125, 43.989288330078125
150.04872131347656, 49.68490219116211
288.0147399902344, 56.36823272705078
176.73106384277344, 42.25993347167969
161.53762817382812, 39.83708572387695
165.20156860351562, 45.92319107055664
157.8018798828125, 46.912662506103516
128.8081512451172, 36.157352447509766
171.2486572265625, 44.36719512939453
176.28518676757812, 41.13791275024414
221.51795959472656, 49.8673210144043
326.514102935791, 53.44696044921875
171.06906127929688, 51.63871765136719
153.95034790039062, 45.58478927612305
196.24649047851562, 42.2171745300293
182.7267303466797, 49.16421127319336
176.05487060546875, 46.06630325317383
191.6256103515625, 48.82621765136719
177.60671997070312, 46.97859191894531
202.2636260986328, 46.77157211303711
284.61199951171875, 56.462772369384766
295.0808563232422, 52.807151794433594
193.74819946289062, 52.41503143310547
332.7263832092285, 57.957115173339844
305.31873321533203, 56.798702239990234
213.02093505859375, 51.44023513793945
327.9571647644043, 55.50859069824219
194.83995056152344, 47.81143569946289
167.62237548828125, 49.69574737548828
183.04505920410156, 57.17824935913086
175.71713256835938, 43.708152770996094
198.44601440429688, 53.9697151184082
272.3130798339844, 41.936431884765625
139.85195922851562, 50.11246109008789
50.34507751464844, 60.59675598144531
201.74624633789062, 46.11957550048828
293.3262252807617, 50.550537109375
153.17758178710938, 38.66382598876953
298.9245147705078, 52.50807571411133
211.40101623535156, 43.397857666015625
214.85032653808594, 49.221527099609375
289.1989212036133, 55.464012145996094
292.44232177734375, 41.52570724487305
296.70528411865234, 43.00564956665039
131.1020965576172, 41.909912109375
231.6505584716797, 40.87495422363281
190.8509521484375, 43.9463005065918
308.5469512939453, 48.22832489013672
181.8260498046875, 48.67278289794922
150.67562866210938, 46.17948532104492
285.66919708251953, 38.13301086425781
213.7036895751953, 40.50224304199219
330.3050136566162, 58.19266891479492
319.04505157470703, 59.09323501586914
153.16970825195312, 37.209312438964844
152.2942352294922, 37.914119720458984
197.35511779785156, 51.29497146606445
165.1885528564453, 36.66120910644531
141.3308563232422, 42.1649169921875
299.82535552978516, 51.461673736572266
164.24000549316406, 46.42170715332031
196.04022216796875, 47.15941619873047
183.15074157714844, 54.50764846801758
275.8847122192383, 38.843048095703125
171.10072326660156, 47.40998458862305
188.81874084472656, 47.56483840942383
302.94222259521484, 46.45920181274414
176.4977264404297, 49.78032684326172
153.662109375, 49.804439544677734
119.78984832763672, 48.162715911865234
191.46087646484375, 47.68147277832031
149.1045684814453, 46.55540084838867
204.1817169189453, 47.800941467285156
183.02366638183594, 53.10991287231445
147.31036376953125, 52.29639434814453
322.87114334106445, 50.2176513671875
124.9351806640625, 40.6229362487793
183.80116271972656, 40.547508239746094
325.1690139770508, 52.220149993896484
171.2913818359375, 54.911521911621094
145.34170532226562, 50.84029769897461
209.34597778320312, 55.889041900634766
302.52603912353516, 43.19721221923828
326.99187088012695, 50.88590621948242
305.6329231262207, 37.612064361572266
211.9669647216797, 54.15732955932617
140.89443969726562, 34.521854400634766
210.6266326904297, 50.05765151977539
285.1739044189453, 43.27448654174805
295.79148864746094, 52.79410934448242
225.482666015625, 42.67734909057617
202.39657592773438, 48.193763732910156
296.6164970397949, 46.05982971191406
182.39337158203125, 51.19731903076172
345.4799680709839, 51.343868255615234
282.3782043457031, 58.018455505371094
194.65313720703125, 41.85169219970703
304.56430435180664, 54.16587448120117
42.681663513183594, 56.898494720458984
153.13531494140625, 51.48572540283203
295.8964614868164, 41.307064056396484
155.07241821289062, 44.80585479736328
298.6527328491211, 52.837120056152344
314.0323600769043, 48.273441314697266
153.9119873046875, 41.04084396362305
326.5630569458008, 50.942161560058594
223.9298095703125, 42.94728088378906
172.8609619140625, 49.55733871459961
158.25779724121094, 45.12312698364258
144.46749877929688, 47.11183166503906
334.71035957336426, 61.329078674316406
302.5754280090332, 45.45534133911133
332.5494747161865, 45.4084358215332
165.60372924804688, 47.869300842285156
323.3302459716797, 57.474788665771484
300.41655349731445, 42.26411819458008
302.5876884460449, 46.324703216552734
146.97999572753906, 41.85956573486328
157.45611572265625, 42.12141036987305
214.71328735351562, 41.277381896972656
194.5538330078125, 52.5783805847168
304.3431854248047, 38.36483383178711
325.33463287353516, 45.63283920288086
219.5482177734375, 47.88248825073242
203.1973876953125, 48.79632568359375
292.8364791870117, 42.850196838378906
321.4669876098633, 52.19218063354492
154.59373474121094, 37.64236831665039
178.78160095214844, 55.17328643798828
155.25982666015625, 46.14694595336914
165.6954345703125, 48.520790100097656
157.3663787841797, 43.241294860839844
286.628173828125, 53.79201889038086
184.22061157226562, 47.68876266479492
64.34359741210938, 54.94781494140625
210.06451416015625, 49.33596420288086
312.6822509765625, 50.98373794555664
176.60728454589844, 51.48067092895508
170.15496826171875, 49.06456756591797
144.79722595214844, 52.24738311767578
317.26072692871094, 55.948123931884766
133.8988494873047, 38.826904296875
207.40011596679688, 50.04164123535156
313.19886779785156, 59.154266357421875
228.28465270996094, 44.17055130004883
168.9501190185547, 49.01172637939453
296.5920715332031, 43.60114288330078
176.89990234375, 43.780609130859375
129.38043212890625, 53.767127990722656
201.1942901611328, 48.76869583129883
160.5254669189453, 51.07487487792969
319.21826934814453, 48.292293548583984
325.22319412231445, 54.623294830322266
278.6011047363281, 48.80997848510742
177.47708129882812, 48.233184814453125
239.14087677001953, 49.80180740356445
293.05435943603516, 47.30024719238281
198.2478485107422, 51.344608306884766
195.3012237548828, 47.29039001464844
137.31051635742188, 46.36880874633789
312.35116958618164, 46.327213287353516
343.21928787231445, 61.425872802734375
211.24436950683594, 51.408260345458984
174.76889038085938, 39.66396713256836
200.48072814941406, 45.88949203491211
194.12721252441406, 44.777587890625
344.4350519180298, 65.01741027832031
164.92156982421875, 48.01762390136719
203.15431213378906, 44.9901008605957
332.50335693359375, 53.57732009887695
285.9056091308594, 38.88325119018555
195.7931365966797, 41.07763671875
151.7857666015625, 45.026512145996094
144.4622344970703, 32.42987823486328
322.60644149780273, 64.21157836914062
169.4972381591797, 34.700077056884766
158.3183135986328, 45.94401550292969
297.2410087585449, 52.36585998535156
170.6802215576172, 48.42397689819336
193.51829528808594, 50.16501235961914
186.50257873535156, 49.84561538696289
165.4355926513672, 44.470428466796875
179.90936279296875, 50.59441375732422
145.42262268066406, 37.97241973876953
302.7331886291504, 38.80864334106445
291.2309875488281, 50.24822998046875
170.24481201171875, 44.070133209228516
331.0677032470703, 36.4497184753418
281.93184661865234, 42.63434982299805
302.8097038269043, 54.23445510864258
332.321683883667, 55.857879638671875
192.930419921875, 44.58348083496094
186.00462341308594, 45.6179313659668
184.80838012695312, 54.96757888793945
200.53009033203125, 51.54399108886719
175.13772583007812, 43.5202522277832
191.07781982421875, 47.755462646484375
346.44118881225586, 50.06893539428711
147.1385040283203, 52.80475616455078
334.7068500518799, 54.388309478759766
343.11946868896484, 45.2808952331543
337.0958938598633, 55.25926208496094
188.0379180908203, 56.75999069213867
134.8948211669922, 47.376060485839844
331.14526557922363, 55.03891372680664
311.8137741088867, 55.756874084472656
132.93226623535156, 39.305572509765625
243.63985443115234, 38.59797668457031
333.53109550476074, 52.9742431640625
290.3555908203125, 52.31187438964844
143.0690460205078, 47.68246841430664
323.38732528686523, 57.318843841552734
169.3192138671875, 49.20241165161133
175.77647399902344, 51.37155532836914
323.0973320007324, 48.023860931396484
275.82682037353516, 50.248939514160156
313.8376770019531, 54.29584884643555
312.8656883239746, 47.647735595703125
154.8506622314453, 46.67938995361328
200.24977111816406, 49.01169204711914
157.8388214111328, 50.509300231933594
182.7580108642578, 35.138893127441406
162.70899963378906, 37.70191192626953
173.35499572753906, 42.62400436401367
341.6585464477539, 46.209678649902344
199.3443603515625, 50.518653869628906
182.4400634765625, 48.00428009033203
306.06836700439453, 50.331329345703125
296.679443359375, 52.3082389831543
177.21395874023438, 39.186222076416016
196.7219696044922, 48.66304397583008
203.87158203125, 47.34725570678711
301.9279670715332, 47.424964904785156
225.49790954589844, 45.080867767333984
316.7877197265625, 53.980796813964844
205.70419311523438, 51.70750045776367
179.00845336914062, 39.08998107910156
167.71205139160156, 46.10038375854492
357.8831717967987, 47.81635665893555
151.0044403076172, 40.52995681762695
345.86544132232666, 63.56358337402344
224.23617553710938, 44.55120086669922
207.9839324951172, 50.314334869384766
150.00341796875, 42.785667419433594
197.53909301757812, 42.89118576049805
183.6532745361328, 36.08506774902344
299.0597381591797, 41.934574127197266
153.76171875, 43.877601623535156
165.14125061035156, 43.26824951171875
143.4407196044922, 46.348846435546875
310.4148292541504, 46.09547805786133
301.87710189819336, 38.76892852783203
193.64862060546875, 41.845916748046875
179.7182159423828, 62.788211822509766
121.29360961914062, 45.31937026977539
146.0120391845703, 38.01040267944336
336.94871711730957, 56.739105224609375
187.4178009033203, 58.416175842285156
321.6573143005371, 47.96849060058594
186.5924072265625, 61.379615783691406
186.61830139160156, 51.22499465942383
21.355274200439453, 67.485107421875
153.44725036621094, 47.22922134399414
333.6644096374512, 56.096866607666016
156.65586853027344, 46.602901458740234
225.83099365234375, 48.592529296875
217.15997314453125, 44.17756271362305
69.31385040283203, 50.937278747558594
182.31687927246094, 49.357486724853516
270.2088088989258, 49.2816047668457
300.5645217895508, 48.321807861328125
162.82598876953125, 40.25801467895508
203.42210388183594, 48.771270751953125
175.78598022460938, 51.74016571044922
297.72210693359375, 51.990657806396484
187.4718017578125, 47.218685150146484
149.45794677734375, 38.00333023071289
161.2147216796875, 49.86003112792969
301.3591003417969, 53.491783142089844
179.40780639648438, 49.97123718261719
297.84266662597656, 53.33332443237305
183.9471435546875, 41.09899139404297
180.34188842773438, 48.31195831298828
298.96377182006836, 47.05177307128906
300.59617614746094, 49.57794189453125
291.27381896972656, 53.74148941040039
285.5050277709961, 51.27408981323242
309.4250183105469, 49.45235824584961
295.6194839477539, 41.18650817871094
173.07955932617188, 36.58158493041992
212.5189208984375, 41.900211334228516
292.32041931152344, 43.80268859863281
189.12289428710938, 49.47251892089844
201.7113800048828, 41.17879867553711
182.67852783203125, 48.65384292602539
16.747920989990234, 29.89964485168457
283.92156982421875, 49.649635314941406
161.2639923095703, 39.73934555053711
183.07199096679688, 43.0230712890625
289.86914825439453, 39.926761627197266
146.81878662109375, 36.4788703918457
169.22576904296875, 42.680572509765625
219.8817596435547, 49.863311767578125
302.45653915405273, 42.97084045410156
167.05348205566406, 43.65324020385742
219.9331817626953, 50.66899108886719
212.83193969726562, 54.20884323120117
157.79225158691406, 41.57078170776367
191.0719451904297, 48.251338958740234
212.78366088867188, 44.62396240234375
176.34889221191406, 43.9297981262207
289.53417205810547, 56.20830154418945
151.7088623046875, 47.939056396484375
4.152584552764893, 59.087581634521484
318.0679359436035, 52.89424133300781
210.42001342773438, 63.42809295654297
143.12701416015625, 36.10879135131836
165.3194122314453, 54.109439849853516
192.82362365722656, 49.15534973144531
221.4341583251953, 47.04812240600586
240.61237335205078, 60.710472106933594
330.9500980377197, 57.80759811401367
287.32623291015625, 49.19970703125
211.501953125, 48.548728942871094
188.16787719726562, 52.22560501098633
209.644287109375, 51.70652389526367
161.9764404296875, 41.12078094482422
298.24182891845703, 51.28852844238281
318.2610397338867, 52.75701141357422
304.8625068664551, 43.469234466552734
208.59938049316406, 49.18452072143555
178.89500427246094, 53.50044631958008
329.479305267334, 46.80427551269531
298.15271377563477, 48.241065979003906
212.7891845703125, 51.91545104980469
307.418212890625, 52.453277587890625
197.67645263671875, 45.99249267578125
357.72211480140686, 60.1982421875
210.59046936035156, 52.613948822021484
345.2076692581177, 58.17037582397461
297.91778564453125, 49.829769134521484
322.66930770874023, 57.80014419555664
187.18763732910156, 44.12511444091797
153.2759246826172, 46.1914176940918
287.4404602050781, 46.885704040527344
191.45431518554688, 46.7542610168457
176.70790100097656, 41.94348907470703
295.0985336303711, 51.33556365966797
34.35565185546875, 33.34480667114258
305.0969429016113, 52.20295715332031
177.89479064941406, 46.900596618652344
186.31015014648438, 42.26416778564453
304.31237411499023, 47.63524627685547
343.64868927001953, 42.42420196533203
288.52376556396484, 45.358421325683594
216.32896423339844, 46.40351486206055
280.96583557128906, 43.45466995239258
285.1915512084961, 48.50445556640625
302.0583190917969, 52.5077018737793
226.6411895751953, 48.752376556396484
172.2512664794922, 56.655391693115234
173.78219604492188, 53.594017028808594
172.72775268554688, 53.5760383605957
198.66493225097656, 51.82258224487305
176.04000854492188, 45.701995849609375
171.62997436523438, 37.03398132324219
318.7887840270996, 48.723236083984375
279.9635009765625, 48.014286041259766
190.2658233642578, 49.7407112121582
301.7674446105957, 53.17793273925781
59.87546920776367, 49.28874969482422
294.5709991455078, 48.628421783447266
201.97579956054688, 51.67362976074219
275.26287841796875, 56.9279670715332
179.9456329345703, 49.48678207397461
183.5289306640625, 48.21467208862305
182.88328552246094, 50.24949264526367
310.75317764282227, 52.57194900512695
287.44474029541016, 51.293819427490234
199.68434143066406, 31.675294876098633
161.2122039794922, 55.758094787597656
147.14671325683594, 46.37550354003906
189.97296142578125, 54.02354431152344
163.63597106933594, 46.21384811401367
168.80458068847656, 47.48041534423828
318.0701599121094, 57.41704177856445
327.6252212524414, 58.692256927490234
180.63528442382812, 50.848873138427734
311.55439376831055, 52.77901840209961
180.99468994140625, 47.73713302612305
220.22096252441406, 44.61168670654297
205.36849975585938, 53.10268020629883
29.560848236083984, 41.99500274658203
344.44465351104736, 67.48959350585938
313.16762924194336, 35.86702346801758
194.83880615234375, 48.97343826293945
227.99559020996094, 47.448707580566406
187.86331176757812, 39.40198516845703
208.5248565673828, 53.57130813598633
355.9938325881958, 40.36552047729492
301.678466796875, 51.82609176635742
354.5662088394165, 42.51911163330078
183.87930297851562, 56.65988540649414
203.46629333496094, 48.5572624206543
281.5644073486328, 40.491310119628906
199.6154327392578, 49.464473724365234
146.06114196777344, 47.96173095703125
190.1360321044922, 49.64535140991211
331.28524017333984, 45.136436462402344
328.4428310394287, 55.79524612426758
320.11011123657227, 39.69090270996094
301.3769760131836, 45.44576644897461
167.90771484375, 48.03089141845703
171.3582305908203, 47.0107421875
303.38614654541016, 43.17536926269531
194.58042907714844, 54.07353591918945
144.0966339111328, 45.030906677246094
141.68502807617188, 29.42803192138672
328.01202964782715, 55.9722785949707
142.57666015625, 36.96012878417969
161.70973205566406, 44.85972595214844
6.50461483001709, 57.3910026550293
307.0315971374512, 47.71872329711914
198.8984375, 51.309967041015625
313.0729331970215, 44.38090515136719
157.53085327148438, 47.740474700927734
245.6419906616211, 61.623409271240234
176.65292358398438, 51.11862564086914
167.14964294433594, 52.5331916809082
315.3456573486328, 47.86530303955078
125.66756439208984, 51.784976959228516
156.22567749023438, 48.08100891113281
223.1077880859375, 43.293968200683594
328.59987449645996, 51.07829284667969
327.30554962158203, 58.34593963623047
164.37945556640625, 48.44442367553711
155.45883178710938, 51.733219146728516
175.1902618408203, 44.82210922241211
136.22689819335938, 55.2360725402832
324.5637893676758, 55.10707092285156
326.1808204650879, 49.887245178222656
266.89244079589844, 47.14563751220703
157.60768127441406, 42.39785385131836
203.0343475341797, 36.27891159057617
296.4655990600586, 51.07084655761719
323.9635353088379, 50.767948150634766
193.3645477294922, 45.4000129699707
145.46343994140625, 51.69630432128906
154.69285583496094, 41.977134704589844
290.9056854248047, 44.07841110229492
168.425537109375, 49.9567756652832
223.00323486328125, 53.88037109375
234.88922119140625, 34.916622161865234
187.99485778808594, 50.599693298339844
323.9286460876465, 47.93366241455078
317.03957748413086, 48.000579833984375
312.5105972290039, 50.801578521728516
301.4005813598633, 45.28899002075195
166.63540649414062, 58.506919860839844
295.90787506103516, 45.85123062133789
181.6807403564453, 48.153465270996094
153.61805725097656, 46.473533630371094
221.39149475097656, 47.38349914550781
316.821720123291, 41.69515609741211
358.11147451400757, 62.93642044067383
180.0229034423828, 44.21715545654297
215.49676513671875, 48.18317794799805
218.4796905517578, 41.119754791259766
313.3967971801758, 52.75974655151367
158.22500610351562, 44.50450134277344
342.0562038421631, 53.01247787475586
186.33497619628906, 45.44132995605469
296.7829818725586, 50.39950942993164
329.01562690734863, 47.39469909667969
194.61143493652344, 49.060874938964844
182.9778289794922, 45.51669692993164
174.35549926757812, 50.36585998535156
245.70703887939453, 54.20100402832031
179.84986877441406, 42.790802001953125
199.0115509033203, 50.405521392822266
183.1756591796875, 58.45008087158203
180.32260131835938, 40.39940643310547
201.44032287597656, 48.60954284667969
172.1803741455078, 38.17439270019531
172.5621337890625, 41.866973876953125
174.46046447753906, 45.78825378417969
168.29603576660156, 47.47473907470703
146.3494110107422, 47.51754379272461
153.95925903320312, 48.91307830810547
359.4828750491142, 56.36433410644531
203.6297149658203, 41.672672271728516
207.43600463867188, 42.40752410888672
158.76864624023438, 49.659149169921875
21.877201080322266, 35.873504638671875
187.96824645996094, 45.925331115722656
160.3883514404297, 48.981266021728516
133.3007049560547, 47.91398620605469
181.83139038085938, 49.72102737426758
207.12452697753906, 48.03173065185547
178.87159729003906, 57.680240631103516
23.60087776184082, 66.18931579589844
325.89282608032227, 60.191871643066406
176.49642944335938, 41.6883659362793
293.04164123535156, 53.2067985534668
177.47039794921875, 39.769996643066406
313.11674880981445, 49.94757843017578
161.9160919189453, 42.6854362487793
208.90017700195312, 50.52048873901367
191.50181579589844, 44.655582427978516
294.9435272216797, 42.323402404785156
19.538301467895508, 34.369529724121094
336.62929916381836, 53.549015045166016
184.02670288085938, 50.61478805541992
306.23140716552734, 46.123634338378906
302.438720703125, 52.092044830322266
41.036537170410156, 68.225341796875
181.13059997558594, 56.93821334838867
182.3419647216797, 59.94914627075195
308.848934173584, 55.42025375366211
334.39001846313477, 56.05955123901367
298.72882080078125, 42.572044372558594
313.8468818664551, 53.53851318359375
158.80516052246094, 42.26170349121094
323.9557914733887, 50.01831817626953
331.81966400146484, 58.3310432434082
190.00656127929688, 43.72467803955078
267.1847381591797, 48.69186782836914
313.3693161010742, 47.212825775146484
167.75265502929688, 40.903934478759766
149.8822479248047, 51.10150909423828
166.19691467285156, 47.22922897338867
329.8387508392334, 54.57187271118164
163.4628448486328, 48.80641555786133
17.526460647583008, 67.83798217773438
189.30027770996094, 55.193084716796875
156.76219177246094, 48.079124450683594
222.34521484375, 46.18149185180664
158.59762573242188, 40.16426086425781
323.4691619873047, 51.702392578125
307.54594802856445, 40.3155403137207
188.48956298828125, 51.141998291015625
181.3748016357422, 44.732845306396484
287.1487503051758, 49.079715728759766
298.1887092590332, 49.13594055175781
146.62765502929688, 44.31898880004883
204.9201202392578, 46.567420959472656
149.04885864257812, 48.57481002807617
305.95691299438477, 45.030189514160156
306.00415420532227, 47.26961135864258
146.3900146484375, 37.65532684326172
183.7539825439453, 48.821922302246094
166.80392456054688, 45.01994323730469
199.3507843017578, 46.765663146972656
186.76559448242188, 41.045135498046875
292.82723236083984, 41.807132720947266
164.9801025390625, 46.9084358215332
333.09900856018066, 46.038387298583984
203.97796630859375, 47.27518844604492
299.5670852661133, 39.01112747192383
162.29115295410156, 48.52811813354492
176.0171356201172, 48.16679382324219
190.24185180664062, 49.56568908691406
199.40643310546875, 51.01798629760742
324.22706604003906, 58.2489013671875
188.69644165039062, 50.20758819580078
155.34152221679688, 41.57120132446289
298.6777038574219, 50.70903015136719
178.82305908203125, 52.66508102416992
187.51113891601562, 52.19894027709961
252.59978485107422, 53.35727310180664
271.91668701171875, 53.851497650146484
217.5166473388672, 50.69083023071289
299.0003890991211, 51.265872955322266
182.49192810058594, 46.90798568725586
309.0339698791504, 40.97283172607422
333.66799545288086, 48.53623962402344
162.25653076171875, 42.346458435058594
306.73189544677734, 45.1948356628418
322.7629203796387, 36.99931716918945
294.98746490478516, 53.16373825073242
205.4841766357422, 42.08046340942383
314.48548126220703, 52.34253692626953
169.04664611816406, 42.38084030151367
173.19143676757812, 52.82063293457031
302.1930923461914, 52.763954162597656
325.4971504211426, 55.47899627685547
156.7742919921875, 50.260154724121094
175.62103271484375, 48.781578063964844
345.3296871185303, 61.11503601074219
355.90383291244507, 53.859920501708984
339.36126708984375, 58.99979782104492
178.06832885742188, 49.49167251586914
321.9803924560547, 53.0008544921875
158.97879028320312, 44.201744079589844
192.49481201171875, 48.614784240722656
209.81455993652344, 48.21454620361328
350.9748706817627, 60.530635833740234
316.79528427124023, 54.196380615234375
308.4055366516113, 50.23017883300781
336.89293098449707, 62.2398567199707
170.09986877441406, 41.83781433105469
205.8640594482422, 47.91853713989258
316.9584503173828, 58.182647705078125
149.48526000976562, 48.85471725463867
63.681236267089844, 50.665985107421875
293.06319427490234, 48.48468780517578
302.0602264404297, 47.31071090698242
151.78884887695312, 40.496639251708984
297.2952346801758, 43.29597473144531
165.33575439453125, 41.61008071899414
191.6771240234375, 48.42422103881836
165.98170471191406, 39.13484191894531
176.8448486328125, 49.837467193603516
315.26919174194336, 48.58622741699219
166.00816345214844, 46.188106536865234
209.39601135253906, 51.240928649902344
309.2194061279297, 50.94001770019531
215.41497802734375, 53.33595657348633
323.3183403015137, 53.86210632324219
168.1206817626953, 53.141578674316406
314.51549530029297, 45.76491165161133
165.76504516601562, 51.78372573852539
192.48019409179688, 43.45735168457031
318.4580497741699, 54.62284851074219
182.53382873535156, 45.81616973876953
299.624267578125, 50.3660888671875
314.6510810852051, 54.4654541015625
192.8802032470703, 54.551246643066406
185.85421752929688, 51.36482238769531
165.47067260742188, 51.46574783325195
166.5336456298828, 46.886329650878906
116.02943420410156, 45.39802932739258
303.4572868347168, 56.26327896118164
177.140869140625, 46.90122604370117
188.08648681640625, 44.79055404663086
358.08629846572876, 54.39352035522461
303.2504234313965, 42.40678024291992
213.63307189941406, 45.022979736328125
189.2716827392578, 44.05022430419922
195.66015625, 47.43033218383789
202.9503173828125, 51.03543472290039
188.85696411132812, 47.61821365356445
192.72146606445312, 62.632381439208984
167.9839630126953, 51.733863830566406
301.6971130371094, 47.05117416381836
318.37468338012695, 52.196598052978516
306.7811737060547, 52.95243835449219
326.36784744262695, 60.15494155883789
174.32122802734375, 40.2275276184082
141.9443817138672, 41.24641799926758
307.2439613342285, 50.822566986083984
174.20693969726562, 43.55323028564453
301.5499153137207, 43.597633361816406
327.4636688232422, 56.41693878173828
138.0104217529297, 45.62572479248047
197.2769775390625, 48.30966567993164
156.643798828125, 47.1936149597168
328.30216217041016, 52.27196502685547
211.40872192382812, 42.64475631713867
153.76681518554688, 49.40560531616211
308.4803276062012, 57.11001968383789
130.34767150878906, 49.37741470336914
321.94356536865234, 55.835227966308594
169.40167236328125, 49.51493835449219
305.6265983581543, 54.520896911621094
172.78964233398438, 40.250186920166016
241.29972076416016, 51.335384368896484
191.78326416015625, 36.71908950805664
27.11382293701172, 58.465476989746094
210.41091918945312, 52.012245178222656
223.7242431640625, 50.035400390625
141.91893005371094, 43.739315032958984
138.39894104003906, 46.11753463745117
315.4194221496582, 46.97678756713867
288.4103317260742, 43.13585662841797
219.80911254882812, 49.81604766845703
208.75563049316406, 55.65681457519531
169.8516845703125, 53.45119094848633
194.9593505859375, 43.672183990478516
135.43167114257812, 47.003150939941406
332.47538566589355, 61.4808235168457
180.90089416503906, 51.3830451965332
217.62384033203125, 39.27352523803711
315.9061470031738, 52.591644287109375
189.06716918945312, 39.72733688354492
172.24842834472656, 56.152099609375
303.1171684265137, 57.95260238647461
304.03940200805664, 50.977760314941406
169.49107360839844, 50.77471160888672
354.1047616004944, 66.83438110351562
1.048670768737793, 61.061607360839844
175.28720092773438, 42.51554489135742
305.2893714904785, 52.3497428894043
305.7198715209961, 55.42920684814453
157.8390655517578, 46.531620025634766
16.882078170776367, 65.74424743652344
182.51722717285156, 48.61632537841797
192.77076721191406, 46.410667419433594
156.8732452392578, 40.62568283081055
315.10921478271484, 53.23171615600586
173.54037475585938, 45.517845153808594
287.25760650634766, 48.36756896972656
299.98990631103516, 52.64229202270508
310.6797790527344, 53.4282341003418
323.7586097717285, 48.55419921875
215.61598205566406, 51.36652374267578
291.2517852783203, 46.62321472167969
246.43444061279297, 44.9738655090332
322.6594581604004, 57.796470642089844
169.63742065429688, 45.799766540527344
216.0006103515625, 50.235382080078125
178.86868286132812, 50.01831817626953
171.5176239013672, 52.39817428588867
163.0502471923828, 55.01897430419922
316.13705825805664, 55.98131561279297
340.3163089752197, 56.601585388183594
322.98802947998047, 56.76774215698242
160.65354919433594, 40.4325065612793
344.5000972747803, 57.08306884765625
181.77122497558594, 46.88695526123047
155.6923065185547, 47.67949676513672
348.72948837280273, 56.2871208190918
183.73497009277344, 49.72136306762695
155.56985473632812, 50.31062698364258
164.20819091796875, 49.09299087524414
295.8614807128906, 38.5808219909668
179.62918090820312, 50.61396789550781
159.28286743164062, 47.01608657836914
162.09396362304688, 52.95983123779297
321.6205062866211, 55.99304962158203
192.0369110107422, 51.20207595825195
336.1019916534424, 54.67634582519531
183.35508728027344, 48.44717025756836
286.55369567871094, 44.210601806640625
150.0021514892578, 43.34276580810547
183.69595336914062, 45.88578414916992
307.08296966552734, 44.04152297973633
340.11987495422363, 59.085845947265625
343.30585289001465, 60.31169128417969
316.10892486572266, 48.909664154052734
184.90907287597656, 45.900203704833984
357.02521991729736, 57.76801300048828
342.6190948486328, 54.0588264465332
273.83644104003906, 48.53142547607422
196.79476928710938, 49.49275207519531
336.09765434265137, 53.74296569824219
211.92637634277344, 48.60093688964844
226.07212829589844, 51.67165756225586
158.4761199951172, 49.6318244934082
157.8269500732422, 39.915584564208984
202.115234375, 43.7306022644043
176.96844482421875, 49.168270111083984
304.7098808288574, 46.059452056884766
195.6895294189453, 49.27217483520508
294.61119079589844, 48.322662353515625
296.9847412109375, 30.837589263916016
160.0836639404297, 41.23308181762695
170.33294677734375, 44.9412841796875
164.81826782226562, 45.9266242980957
313.81421279907227, 58.741790771484375
286.7030792236328, 57.93284606933594
318.80646896362305, 57.033416748046875
49.58605194091797, 63.39284133911133
340.0297565460205, 59.0953483581543
161.784912109375, 45.25148010253906
167.02471923828125, 49.94369888305664
344.14621448516846, 58.91497802734375
157.6678009033203, 48.996150970458984
208.6446075439453, 56.20044708251953
311.2210121154785, 47.72687530517578
253.09423828125, 52.61294937133789
330.75135231018066, 51.96147155761719
311.4524383544922, 49.140750885009766
201.59182739257812, 42.39474105834961
206.2761993408203, 40.7436637878418
158.23675537109375, 48.45112609863281
186.99703979492188, 37.39909744262695
292.6075973510742, 54.90544891357422
157.84759521484375, 45.94056701660156
181.04281616210938, 51.9261474609375
301.91211318969727, 49.88075256347656
172.97215270996094, 44.445526123046875
287.47432708740234, 35.24094009399414
311.0426597595215, 54.537025451660156
185.23330688476562, 47.2883415222168
317.28718185424805, 52.88358688354492
308.25281524658203, 41.840492248535156
169.10470581054688, 44.09417724609375
168.4191436767578, 45.513397216796875
300.3623847961426, 47.12810516357422
300.19068145751953, 42.78919982910156
306.58602142333984, 54.64726257324219
163.34405517578125, 33.8658561706543
135.14353942871094, 47.28050994873047
163.94078063964844, 50.48976516723633
213.26815795898438, 47.58994674682617
139.585205078125, 41.15804672241211
182.1449737548828, 42.58778381347656
301.04275131225586, 37.31482696533203
282.38885498046875, 56.11277770996094
298.7862358093262, 50.14763641357422
212.48074340820312, 46.016014099121094
167.35025024414062, 55.70568084716797
288.3723602294922, 52.39999771118164
151.9690704345703, 53.58732604980469
343.8233470916748, 60.08672332763672
320.460693359375, 55.73951721191406
182.325439453125, 46.06586837768555
202.02389526367188, 46.16752624511719
197.6927032470703, 56.08540725708008
296.0008659362793, 65.0328140258789
178.65228271484375, 50.14250183105469
313.2743606567383, 52.937713623046875
305.6032257080078, 47.24552536010742
193.52767944335938, 46.09080505371094
307.09435653686523, 47.05002212524414
288.2350845336914, 43.85635757446289
160.49655151367188, 48.84315490722656
164.18026733398438, 42.52006149291992
291.94517517089844, 44.88846969604492
161.99481201171875, 33.55536651611328
152.1136932373047, 43.141876220703125
299.743221282959, 51.44475555419922
182.1946563720703, 56.01667404174805
175.3437957763672, 47.70833969116211
148.12147521972656, 44.002906799316406
320.1750831604004, 52.55522537231445
188.35008239746094, 49.085540771484375
334.1244640350342, 47.800262451171875
319.6483154296875, 56.9561767578125
146.7759552001953, 43.926063537597656
169.79400634765625, 50.31483459472656
326.24240493774414, 48.957149505615234
140.67434692382812, 36.26333999633789
296.76075744628906, 47.54783248901367
145.53707885742188, 39.199668884277344
189.40562438964844, 45.28166961669922
213.49085998535156, 45.38518524169922
149.34327697753906, 38.438011169433594
315.1979637145996, 52.05867385864258
183.4669952392578, 42.57871627807617
150.24642944335938, 38.39225769042969
182.1383514404297, 45.85596466064453
177.31277465820312, 46.54114532470703
213.3117218017578, 49.54506301879883
316.59914779663086, 55.275386810302734
143.37135314941406, 38.436100006103516
154.6791534423828, 41.48680877685547
172.6111602783203, 51.152503967285156
155.00164794921875, 46.48122024536133
189.61016845703125, 47.85361862182617
167.15716552734375, 40.334903717041016
328.696008682251, 47.58695602416992
214.3170928955078, 49.674312591552734
294.3345184326172, 55.272701263427734
339.6915874481201, 33.26176071166992
178.19760131835938, 54.388816833496094
183.18441772460938, 53.34513473510742
333.0455913543701, 70.08253479003906
301.0081977844238, 47.794151306152344
166.23236083984375, 52.687618255615234
176.2322540283203, 48.01878356933594
163.6290740966797, 46.74958038330078
335.9789867401123, 58.848106384277344
314.6653709411621, 47.66330337524414
172.2630615234375, 45.257041931152344
163.49752807617188, 51.82918930053711
304.7024955749512, 53.049861907958984
331.7271976470947, 52.38734817504883
166.17160034179688, 47.9615478515625
182.58729553222656, 54.371368408203125
211.66207885742188, 50.718326568603516
167.9043426513672, 40.58500289916992
222.59568786621094, 42.760311126708984
169.677001953125, 40.72514343261719
313.97667694091797, 55.012718200683594
168.38636779785156, 44.49671936035156
339.53009605407715, 56.788543701171875
195.84783935546875, 37.28587341308594
301.2375297546387, 43.2745246887207
201.18080139160156, 48.541648864746094
318.5848197937012, 50.54777526855469
216.9245147705078, 47.096519470214844
279.4986877441406, 44.30373764038086
167.43089294433594, 45.53232955932617
150.76400756835938, 45.861576080322266
320.92111587524414, 52.69845962524414
198.32244873046875, 40.911930084228516
213.353271484375, 57.4427375793457
307.59838104248047, 45.67609405517578
274.74562072753906, 49.531471252441406
196.4041748046875, 49.60398864746094
192.2181396484375, 42.575157165527344
200.9274139404297, 52.97219467163086
170.55088806152344, 40.14043426513672
329.66521644592285, 59.10675811767578
184.14556884765625, 49.4100227355957
178.85189819335938, 49.229312896728516
138.62571716308594, 36.528282165527344
336.76945877075195, 58.104347229003906
204.35025024414062, 48.15338134765625
146.373046875, 48.49745178222656
163.2371063232422, 40.064300537109375
172.57469177246094, 39.517242431640625
206.15599060058594, 48.2636604309082
155.68899536132812, 42.46913146972656
194.5493621826172, 54.19294738769531
198.39231872558594, 51.655433654785156
200.28688049316406, 45.862548828125
108.96855163574219, 52.94466018676758
211.07179260253906, 56.588253021240234
208.1954345703125, 57.26344299316406
177.69833374023438, 57.19631576538086
224.52786254882812, 41.298057556152344
170.67874145507812, 50.97517013549805
322.4045867919922, 57.02626419067383
315.028564453125, 53.66889572143555
172.4207763671875, 48.72061538696289
308.2847785949707, 60.67356872558594
229.62704467773438, 44.464385986328125
216.85450744628906, 48.52338409423828
319.20852279663086, 42.97665786743164
179.66152954101562, 41.790748596191406
177.486328125, 42.242156982421875
87.24968719482422, 63.82270812988281
178.22874450683594, 52.22394561767578
328.47071075439453, 48.15642547607422
144.4250946044922, 43.09020233154297
192.57733154296875, 37.69003677368164
188.39697265625, 44.68948745727539
294.73999786376953, 56.16661071777344
297.5964050292969, 70.62059020996094
203.34503173828125, 47.88871383666992
282.1181640625, 55.0750846862793
220.1456298828125, 38.1375846862793
205.99139404296875, 35.559757232666016
189.0231475830078, 45.630252838134766
316.9574317932129, 51.111942291259766
119.37063598632812, 51.015708923339844
289.7021713256836, 55.16458511352539
169.97216796875, 51.58720397949219
156.4410858154297, 46.277774810791016
187.28060913085938, 44.296844482421875
161.59693908691406, 41.98589324951172
167.1122283935547, 47.49122619628906
322.82678604125977, 49.69654846191406
156.7151336669922, 40.6201286315918
128.5533447265625, 47.916194915771484
212.96495056152344, 39.79508590698242
213.060791015625, 51.97755813598633
312.46368408203125, 44.834320068359375
207.37232971191406, 46.93594741821289
164.7141876220703, 50.509525299072266
152.92340087890625, 41.497772216796875
142.45858764648438, 47.52579879760742
184.70701599121094, 49.95771789550781
274.15953826904297, 54.37742233276367
202.15234375, 45.18808364868164
316.2450065612793, 47.386192321777344
180.4446563720703, 44.74774932861328
174.70623779296875, 52.6280403137207
189.4996795654297, 50.12187576293945
179.4624786376953, 55.60758972167969
176.6317596435547, 53.21551513671875
338.6240768432617, 56.38154983520508
129.3292694091797, 43.83073806762695
216.66259765625, 50.6489143371582
144.5048065185547, 50.6823844909668
289.44712829589844, 57.08791732788086
210.6259002685547, 55.76422119140625
285.5732116699219, 49.38289260864258
189.37855529785156, 38.75380325317383
297.6070251464844, 53.48128128051758
151.2515869140625, 50.66389083862305
332.8637580871582, 38.50346374511719
148.0199432373047, 50.04642868041992
301.8248710632324, 53.00308609008789
112.41600799560547, 43.13426208496094
270.91331481933594, 32.94112014770508
332.32601165771484, 53.95633316040039
178.54835510253906, 34.4546012878418
151.00762939453125, 45.767093658447266
317.239803314209, 54.82670211791992
144.5851593017578, 45.91323471069336
155.6986541748047, 43.484676361083984
194.34214782714844, 45.9020881652832
171.14968872070312, 43.443267822265625
176.89662170410156, 41.7790412902832
341.2899398803711, 40.5043830871582
311.2981643676758, 48.81181335449219
338.8975658416748, 57.185813903808594
193.64984130859375, 50.04692459106445
157.20751953125, 49.623714447021484
295.9983901977539, 45.24292755126953
157.66012573242188, 42.07969665527344
313.42613220214844, 55.26883316040039
156.02015686035156, 44.40940475463867
272.8771057128906, 38.288795471191406
165.90086364746094, 57.28131103515625
153.4616241455078, 47.641963958740234
163.39682006835938, 40.77041244506836
202.7523651123047, 52.71677017211914
138.2427520751953, 32.9848518371582
155.47105407714844, 45.729698181152344
304.8437957763672, 48.5383186340332
185.1977081298828, 42.01394271850586
328.1872615814209, 57.82474136352539
223.68760681152344, 48.98141098022461
163.92457580566406, 45.878543853759766
331.26541328430176, 54.758907318115234
187.14425659179688, 47.327392578125
343.8551330566406, 54.148223876953125
200.29644775390625, 68.13333892822266
170.004150390625, 51.10572814941406
301.73774337768555, 47.02798843383789
163.25302124023438, 53.99980545043945
307.95552825927734, 41.165443420410156
265.39917755126953, 51.06388854980469
184.24195861816406, 46.715354919433594
17.0948543548584, 66.68802642822266
196.45278930664062, 46.213096618652344
207.40560913085938, 45.333106994628906
320.3389205932617, 50.7072639465332
180.5865936279297, 53.67036056518555
208.87266540527344, 52.55918502807617
315.203426361084, 47.55157470703125
186.74134826660156, 49.21403121948242
318.68525314331055, 50.08948516845703
171.07492065429688, 42.652400970458984
177.65878295898438, 41.24382400512695
344.49140071868896, 48.92993927001953
281.87393951416016, 33.582794189453125
148.280517578125, 42.38784408569336
331.7325439453125, 60.35900115966797
293.40406799316406, 44.98794174194336
163.1918487548828, 46.16682052612305
287.54998779296875, 46.140132904052734
170.60009765625, 37.95725631713867
309.49087142944336, 51.58731460571289
211.72879028320312, 50.82002639770508
219.36537170410156, 47.314334869384766
296.37317276000977, 45.03022384643555
187.89462280273438, 43.527076721191406
325.70141983032227, 55.08446502685547
288.5090866088867, 58.32106399536133
228.09580993652344, 43.60308074951172
137.1930694580078, 38.748443603515625
308.3852996826172, 42.40864562988281
157.52606201171875, 42.942256927490234
191.9903564453125, 46.78994369506836
312.8626708984375, 50.97593688964844
309.3926124572754, 57.497093200683594
322.9046211242676, 52.25221633911133
309.95003509521484, 54.33488845825195
216.61976623535156, 48.39323043823242
151.41586303710938, 48.13587951660156
313.94731521606445, 47.606407165527344
301.5716552734375, 52.458457946777344
185.91717529296875, 43.279083251953125
310.5891418457031, 47.37847137451172
303.5796089172363, 46.28227615356445
184.68702697753906, 43.352577209472656
181.79246520996094, 43.50281524658203
310.66637802124023, 45.33009719848633
311.4329948425293, 46.73296356201172
318.07433319091797, 43.23773193359375
181.42071533203125, 53.494903564453125
174.27407836914062, 52.70680236816406
290.83221435546875, 49.758140563964844
173.91725158691406, 45.41225814819336
313.77320861816406, 48.61854553222656
174.3267364501953, 45.441802978515625
179.0298614501953, 38.571495056152344
227.81922912597656, 51.15937805175781
164.73715209960938, 47.91893768310547
309.362060546875, 38.87887191772461
180.02352905273438, 41.551910400390625
160.6092071533203, 52.45076370239258
199.87838745117188, 49.39763259887695
218.4390411376953, 45.31374740600586
165.9582977294922, 52.22587203979492
230.9281768798828, 45.74667739868164
307.96797943115234, 43.278350830078125
171.85629272460938, 49.01949691772461
312.594181060791, 47.46723937988281
179.7520294189453, 44.31171798706055
322.80992889404297, 54.419986724853516
146.5625, 45.851619720458984
310.07373428344727, 51.7175407409668
168.67999267578125, 49.0049934387207
190.25140380859375, 46.419063568115234
340.14057540893555, 56.20325469970703
321.8083038330078, 51.23053741455078
184.71009826660156, 48.69260025024414
305.38330459594727, 52.140869140625
304.0331001281738, 54.087589263916016
171.76702880859375, 40.76094055175781
75.218017578125, 67.80126190185547
295.1346740722656, 49.946876525878906
323.65112686157227, 47.504539489746094
172.44493103027344, 45.92155838012695
317.6276741027832, 49.90913009643555
155.56837463378906, 46.45995330810547
184.5841064453125, 42.20857620239258
354.913432598114, 64.87675476074219
186.37261962890625, 71.33727264404297
163.23463439941406, 51.41072082519531
196.87020874023438, 50.344600677490234
306.73343658447266, 52.03964614868164
196.6365203857422, 42.903438568115234
178.81402587890625, 53.133575439453125
355.47184801101685, 65.18968963623047
217.21485900878906, 52.293697357177734
345.7720527648926, 62.92877197265625
225.25209045410156, 42.4826545715332
300.46014404296875, 41.47248840332031
159.6477508544922, 35.842926025390625
185.75270080566406, 41.22441101074219
292.0265197753906, 38.37765884399414
136.4327392578125, 48.13340759277344
182.77410888671875, 47.719322204589844
190.7597198486328, 47.55693435668945
219.82675170898438, 48.01350021362305
184.14947509765625, 46.53107833862305
318.0388374328613, 56.50992965698242
157.50653076171875, 40.60408020019531
190.52078247070312, 50.360713958740234
140.22142028808594, 49.004398345947266
218.56336975097656, 40.520111083984375
173.7191925048828, 47.652130126953125
336.47386169433594, 63.59402084350586
330.00378227233887, 55.184326171875
183.61798095703125, 47.36368179321289
182.4864959716797, 57.04307556152344
349.20301246643066, 52.51216125488281
180.52813720703125, 57.71400833129883
169.86253356933594, 49.16266632080078
188.28245544433594, 49.885841369628906
189.29490661621094, 64.24237823486328
182.19676208496094, 51.56735610961914
289.9810028076172, 37.7707405090332
306.48060607910156, 55.89424514770508
169.15830993652344, 41.50141525268555
206.51197814941406, 46.59514617919922
187.32688903808594, 39.25651550292969
317.68004989624023, 49.54293441772461
161.0409393310547, 53.79017639160156
268.9907684326172, 47.981754302978516
163.6781768798828, 52.427825927734375
300.47575759887695, 48.21770095825195
314.39698791503906, 54.368324279785156
194.5551300048828, 42.99930953979492
189.01028442382812, 48.18113327026367
331.4382667541504, 58.00305938720703
157.1478271484375, 46.4869384765625
193.04238891601562, 50.200313568115234
26.587568283081055, 58.24554443359375
177.6380615234375, 50.033050537109375
174.93136596679688, 37.94041442871094
185.41534423828125, 51.24890899658203
254.84125518798828, 51.101009368896484
223.82594299316406, 53.91565704345703
27.654945373535156, 51.02241516113281
311.75981521606445, 53.04183578491211
11.809187889099121, 55.96623992919922
294.6854553222656, 45.86275863647461
174.63803100585938, 40.55585479736328
191.41012573242188, 40.88859558105469
334.69371604919434, 57.14729309082031
147.79241943359375, 53.01444625854492
284.3146286010742, 45.47284698486328
156.85223388671875, 43.352474212646484
229.8534698486328, 43.526206970214844
161.53025817871094, 49.13596725463867
302.90112686157227, 48.98056411743164
295.5608673095703, 54.16276550292969
155.49224853515625, 50.51149368286133
7.875447750091553, 64.31959533691406
285.16798400878906, 39.14662551879883
211.22869873046875, 49.28199768066406
285.6035385131836, 37.906593322753906
168.86891174316406, 49.98973846435547
173.697998046875, 43.65690612792969
327.24472427368164, 54.31284713745117
162.2924346923828, 47.1296272277832
302.7876319885254, 51.12986373901367
143.2450408935547, 40.16382598876953
190.83506774902344, 50.2806396484375
148.6277618408203, 40.01071548461914
322.41593170166016, 53.822635650634766
352.65210151672363, 63.964149475097656
229.0841522216797, 46.53668975830078
160.14254760742188, 51.16636276245117
182.7991485595703, 47.703857421875
177.1248321533203, 53.36256790161133
162.51881408691406, 41.8177604675293
290.26622772216797, 42.952640533447266
155.97039794921875, 43.60332489013672
283.5480270385742, 45.33927536010742
174.44650268554688, 49.68964767456055
169.0072784423828, 52.74128723144531
189.42784118652344, 51.563541412353516
315.7348976135254, 53.81435775756836
273.518798828125, 42.300872802734375
284.4588928222656, 43.66879653930664
124.6141586303711, 36.39317321777344
212.9616241455078, 48.8211555480957
155.70591735839844, 37.111595153808594
320.0074119567871, 58.740665435791016
346.8571138381958, 63.714664459228516
341.8372993469238, 51.852787017822266
214.3478546142578, 54.46487808227539
299.5571937561035, 52.26537322998047
210.01803588867188, 55.17357635498047
294.0636749267578, 46.70685577392578
207.2314910888672, 50.14983367919922
193.41012573242188, 42.53242111206055
144.06893920898438, 36.37632369995117
347.08669090270996, 61.81795883178711
137.53114318847656, 41.21414566040039
275.0994415283203, 39.796714782714844
189.27297973632812, 48.78818893432617
168.4676971435547, 50.103797912597656
205.9853973388672, 45.061981201171875
55.83555221557617, 53.863441467285156
1.7256146669387817, 65.37769317626953
162.81716918945312, 48.523170471191406
182.9074249267578, 53.6188850402832
195.8450927734375, 47.14409637451172
308.843994140625, 49.71631622314453
168.53555297851562, 52.04191589355469
207.09117126464844, 42.32660675048828
295.70275115966797, 54.17643737792969
296.8116683959961, 47.419166564941406
223.6927947998047, 45.04159927368164
304.59355545043945, 48.47657012939453
320.67208099365234, 48.724971771240234
304.79478454589844, 46.79814910888672
145.6201629638672, 38.20133972167969
210.8823699951172, 48.76652526855469
213.4452667236328, 49.94840621948242
169.37542724609375, 42.083282470703125
259.62718963623047, 53.28227233886719
193.37362670898438, 62.725894927978516
190.58338928222656, 49.15431594848633
200.0208282470703, 45.78731918334961
335.20694160461426, 55.89722442626953
158.87693786621094, 43.345542907714844
180.95919799804688, 54.1871452331543
308.1280937194824, 46.345855712890625
179.10891723632812, 44.89133834838867
213.03375244140625, 46.97816467285156
181.44851684570312, 50.76618957519531
316.4754066467285, 56.652862548828125
300.3061180114746, 44.027889251708984
180.39637756347656, 58.98685073852539
325.52325439453125, 46.87591552734375
167.0754852294922, 45.08059310913086
145.24879455566406, 45.17800521850586
302.87627029418945, 53.58607864379883
303.90271377563477, 49.750091552734375
190.93284606933594, 43.930076599121094
301.0345764160156, 61.30564498901367
270.7547607421875, 46.32611846923828
183.8964385986328, 49.21877670288086
181.7215576171875, 48.56559753417969
188.89947509765625, 52.36032485961914
183.27392578125, 48.6567268371582
171.61148071289062, 51.80479049682617
172.5764617919922, 41.429168701171875
196.4327850341797, 47.49169921875
171.8089141845703, 47.18270492553711
342.8287105560303, 55.49445343017578
190.4542694091797, 46.63257598876953
164.60011291503906, 41.99818420410156
196.56048583984375, 54.79314422607422
141.2743377685547, 39.76306915283203
326.6742477416992, 48.17897033691406
203.70941162109375, 40.7267951965332
190.66880798339844, 50.04425048828125
156.78125, 52.26111602783203
330.13520431518555, 58.154624938964844
216.60711669921875, 45.029170989990234
328.1174201965332, 59.43498611450195
208.61947631835938, 55.11800003051758
202.00559997558594, 48.901058197021484
173.09600830078125, 57.4339485168457
177.70272827148438, 52.66834259033203
169.55899047851562, 47.09602737426758
163.48289489746094, 53.3264274597168
177.04112243652344, 47.84721755981445
176.79412841796875, 49.35748291015625
184.7798309326172, 38.78023910522461
159.3594970703125, 44.848392486572266
218.6062774658203, 44.47453689575195
176.93670654296875, 47.372169494628906
301.92920303344727, 42.162925720214844
168.92835998535156, 47.85670852661133
292.5153579711914, 46.880863189697266
290.6786346435547, 44.96828079223633
182.7389678955078, 49.5123291015625
166.05889892578125, 44.53665542602539
207.2978057861328, 43.945587158203125
290.09519958496094, 48.8197135925293
197.79869079589844, 48.585086822509766
310.51461029052734, 46.24507522583008
320.7520065307617, 53.61107635498047
317.7455139160156, 57.323936462402344
178.1663360595703, 51.69682312011719
320.92657470703125, 52.55638122558594
312.0792045593262, 53.8458366394043
183.0837860107422, 54.57902526855469
189.52626037597656, 47.05028533935547
332.8859748840332, 50.61466979980469
7.309686660766602, 55.91114044189453
315.8381004333496, 51.00643539428711
155.8837890625, 44.34703063964844
338.85598945617676, 58.93253707885742
307.58520126342773, 46.143890380859375
206.33999633789062, 44.15443420410156
181.8231201171875, 49.92591857910156
180.193603515625, 49.49323272705078
158.42982482910156, 42.25963592529297
192.47581481933594, 47.2866096496582
166.94708251953125, 47.581275939941406
328.76087760925293, 55.8855094909668
176.04843139648438, 48.02889633178711
189.3224334716797, 50.91640853881836
74.46599578857422, 57.87126159667969
169.3194580078125, 38.018253326416016
145.33712768554688, 44.07801818847656
323.57910919189453, 54.169925689697266
153.85098266601562, 42.50148010253906
323.09839630126953, 46.65691375732422
309.44292068481445, 48.226524353027344
166.42755126953125, 57.78767776489258
324.26368713378906, 48.33327865600586
275.99161529541016, 50.6971435546875
151.8822479248047, 44.77703857421875
308.8641014099121, 47.194095611572266
196.14598083496094, 55.99386978149414
218.3721923828125, 51.75044631958008
343.07873916625977, 48.5548210144043
143.21343994140625, 49.35182189941406
219.67164611816406, 48.21005630493164
188.75625610351562, 53.94997024536133
204.55831909179688, 48.84183120727539
158.21017456054688, 45.46638107299805
301.9334716796875, 44.4391975402832
2.859332323074341, 35.53562545776367
194.3325653076172, 50.966670989990234
155.78941345214844, 43.93128967285156
202.81552124023438, 48.31169128417969
235.53939819335938, 41.55414962768555
354.04494762420654, 68.86331939697266
220.38304138183594, 42.881221771240234
133.09573364257812, 38.78715896606445
173.3076629638672, 43.30861282348633
312.00392150878906, 54.223045349121094
309.92093658447266, 47.91535568237305
216.34303283691406, 51.82303237915039
216.45645141601562, 52.14651870727539
157.44830322265625, 50.50169372558594
212.2211456298828, 44.5782470703125
203.61192321777344, 54.665592193603516
310.2964973449707, 48.054527282714844
319.61380767822266, 47.7414436340332
155.44985961914062, 47.53105163574219
188.97564697265625, 40.768680572509766
285.32433319091797, 54.40414047241211
295.1080322265625, 52.10629653930664
331.5919647216797, 53.26089859008789
197.5493927001953, 48.111366271972656
311.79394149780273, 45.685813903808594
299.5478973388672, 46.10276412963867
140.7685546875, 38.21488571166992
308.4496841430664, 48.269866943359375
133.43511962890625, 40.131622314453125
163.00482177734375, 34.51239013671875
299.40838623046875, 45.715145111083984
159.508056640625, 42.24208450317383
183.9923095703125, 44.47825241088867
326.3812713623047, 54.90605926513672
145.78024291992188, 49.065162658691406
311.8936767578125, 52.32766342163086
319.27128982543945, 58.486141204833984
170.63186645507812, 42.96645736694336
169.42929077148438, 43.960487365722656
163.46705627441406, 42.236568450927734
205.84451293945312, 43.719337463378906
133.28933715820312, 42.43090057373047
169.4864959716797, 37.9589729309082
169.2861328125, 49.23332977294922
177.32994079589844, 45.64512634277344
165.49330139160156, 50.73950958251953
155.14324951171875, 46.71561813354492
288.0445861816406, 55.85806655883789
214.4159393310547, 49.93986892700195
168.22145080566406, 50.80392074584961
292.7781677246094, 51.92946243286133
161.96200561523438, 52.317039489746094
167.7216339111328, 55.31559753417969
317.1689910888672, 43.57640075683594
145.5636749267578, 45.35029602050781
276.9549331665039, 49.75111770629883
166.3865203857422, 40.04168701171875
328.830904006958, 43.172237396240234
169.5175018310547, 38.466270446777344
314.560546875, 48.61552810668945
296.88048553466797, 49.54985427856445
295.30528259277344, 41.86848449707031
54.6479606628418, 55.41749954223633
303.60655975341797, 54.6718864440918
185.89454650878906, 51.83443832397461
281.72288513183594, 48.221466064453125
122.1633071899414, 40.43629455566406
194.13821411132812, 49.33485794067383
324.69855880737305, 49.36486053466797
130.8813018798828, 30.395774841308594
151.74868774414062, 48.50592041015625
309.93624114990234, 43.99058532714844
300.6589012145996, 45.38191223144531
149.3975830078125, 50.8072624206543
217.190185546875, 44.118385314941406
161.26727294921875, 48.06391525268555
305.77936935424805, 48.42518615722656
160.765380859375, 49.535736083984375
217.5235595703125, 43.43374252319336
202.81121826171875, 53.46351623535156
199.76878356933594, 53.381935119628906
165.56773376464844, 46.724609375
321.1242866516113, 36.34954071044922
212.81781005859375, 45.46895217895508
287.19461822509766, 56.10539627075195
28.489896774291992, 58.44818115234375
176.3115234375, 54.80113220214844
220.6842498779297, 40.563472747802734
190.27784729003906, 47.82796859741211
199.2651824951172, 42.65435791015625
147.11593627929688, 42.09511184692383
285.235595703125, 45.39059066772461
297.565975189209, 44.94336700439453
28.012046813964844, 40.414337158203125
306.53405380249023, 47.99789810180664
177.37916564941406, 46.411773681640625
180.23207092285156, 44.594303131103516
281.8795166015625, 41.538848876953125
193.13201904296875, 50.71259307861328
316.32909774780273, 52.2359504699707
222.61285400390625, 50.76786804199219
299.6092338562012, 42.987030029296875
149.4359893798828, 45.27544021606445
303.6216926574707, 45.22480010986328
149.8991241455078, 40.42776107788086
299.6773567199707, 53.7311897277832
146.26998901367188, 49.391536712646484
147.59991455078125, 37.34002685546875
323.8206100463867, 50.18877410888672
220.18153381347656, 44.67607498168945
308.4460868835449, 54.88572692871094
206.96640014648438, 44.49352264404297
315.2100372314453, 54.6840934753418
158.30343627929688, 33.4036865234375
158.557373046875, 37.37754821777344
60.052555084228516, 42.96426010131836
157.0610809326172, 46.28062438964844
175.79188537597656, 43.24505615234375
154.39117431640625, 44.136234283447266
33.49496841430664, 47.9291877746582
180.79493713378906, 56.2306022644043
320.41865158081055, 39.56190872192383
139.53131103515625, 47.93321990966797
337.2305908203125, 62.372535705566406
186.6267547607422, 43.893306732177734
292.9170150756836, 50.348915100097656
164.36643981933594, 48.80549240112305
284.72631072998047, 54.453182220458984
299.38346099853516, 54.02550506591797
297.4779281616211, 50.00252151489258
322.0681953430176, 50.96298599243164
328.4928169250488, 52.70186996459961
320.0723991394043, 56.1953125
359.85080932080746, 54.90384292602539
283.46529388427734, 44.11656188964844
205.36126708984375, 53.566043853759766
166.79083251953125, 53.087215423583984
329.0848751068115, 55.831787109375
186.82931518554688, 44.65128707885742
283.3517074584961, 47.53557586669922
357.30369663238525, 68.40792846679688
4.979116439819336, 58.22433853149414
11.472356796264648, 38.656734466552734
165.4735870361328, 50.11765670776367
157.24473571777344, 41.76755142211914
180.68002319335938, 59.45527648925781
65.19078826904297, 59.738037109375
347.57031440734863, 53.955780029296875
310.2244071960449, 53.241912841796875
291.94679260253906, 38.20473098754883
207.6584014892578, 49.95650863647461
309.65345001220703, 45.34746170043945
178.71780395507812, 41.879791259765625
170.5680694580078, 46.166725158691406
183.1837158203125, 49.940284729003906
329.2032279968262, 63.4610481262207
2.723252773284912, 54.98916244506836
180.2811737060547, 45.35189437866211
159.0321044921875, 46.86119079589844
171.12388610839844, 44.43472671508789
293.63301849365234, 46.01763153076172
183.94451904296875, 50.3745002746582
336.28011322021484, 60.73347854614258
204.22337341308594, 51.57050704956055
210.98004150390625, 48.55801773071289
300.05144119262695, 40.35772705078125
318.5935745239258, 51.51918411254883
164.06285095214844, 33.74958801269531
140.05479431152344, 52.077354431152344
295.61072540283203, 41.04936218261719
173.9761505126953, 47.38798522949219
160.96420288085938, 46.35295867919922
212.4688262939453, 51.704185485839844
163.84999084472656, 50.03989028930664
179.9379425048828, 54.18965148925781
182.15518188476562, 52.19354248046875
130.54827880859375, 46.763092041015625
302.53329849243164, 45.19948196411133
323.92663955688477, 52.34843444824219
223.240234375, 50.319740295410156
215.92637634277344, 48.83559799194336
168.8163299560547, 50.2036247253418
182.59681701660156, 63.38503646850586
345.34611320495605, 46.418312072753906
209.41635131835938, 57.42511749267578
172.62374877929688, 54.0004997253418
301.6465492248535, 44.16498947143555
308.987979888916, 57.74580383300781
205.13787841796875, 45.90412139892578
159.54409790039062, 51.842533111572266
316.98859786987305, 41.154815673828125
174.30079650878906, 51.138999938964844
189.54788208007812, 55.066307067871094
147.68344116210938, 47.71664047241211
192.91427612304688, 38.94496536254883
308.4892463684082, 50.972389221191406
315.01876068115234, 54.175392150878906
35.10367965698242, 64.64342498779297
190.42617797851562, 45.44035339355469
311.75402450561523, 43.80952835083008
215.4098663330078, 46.22413635253906
158.64202880859375, 44.303749084472656
198.2585906982422, 47.96575927734375
188.38916015625, 43.43742370605469
159.2759246826172, 47.08625411987305
217.16397094726562, 45.98090362548828
197.74038696289062, 50.86757278442383
166.59657287597656, 40.726863861083984
353.46680641174316, 58.64436340332031
200.34384155273438, 46.106292724609375
164.37632751464844, 41.23429489135742
295.91544342041016, 48.264320373535156
154.8914794921875, 44.98985290527344
290.1621627807617, 49.63827896118164
191.5446014404297, 45.47976303100586
163.50790405273438, 44.83112716674805
306.699893951416, 43.567054748535156
221.41217041015625, 41.13386154174805
289.0098114013672, 49.034847259521484
317.5106544494629, 48.49855422973633
300.91617584228516, 45.431640625
162.01730346679688, 41.21367645263672
29.91884994506836, 71.67366027832031
302.74288177490234, 44.796897888183594
143.3756561279297, 48.355045318603516
295.96192932128906, 41.66034698486328
184.60585021972656, 48.84483337402344
325.6078186035156, 61.22111129760742
186.8296356201172, 47.54901885986328
172.69471740722656, 40.89067077636719
173.65773010253906, 38.49428939819336
285.450927734375, 51.76451873779297
153.06248474121094, 48.738494873046875
314.0713119506836, 45.856815338134766
190.91709899902344, 43.937557220458984
140.03103637695312, 41.64006042480469
327.23194885253906, 44.1348762512207
152.19259643554688, 45.477176666259766
198.9357147216797, 48.55847930908203
175.33901977539062, 45.204219818115234
191.94558715820312, 53.57295227050781
171.4741668701172, 51.694358825683594
182.18861389160156, 45.81399917602539
167.11517333984375, 41.292022705078125
216.9343719482422, 44.894832611083984
187.38687133789062, 62.03047180175781
158.51776123046875, 49.004878997802734
202.9880828857422, 49.67144012451172
322.21253967285156, 51.20196533203125
225.04954528808594, 46.0488395690918
180.52767944335938, 58.168643951416016
209.9982147216797, 54.54288864135742
306.8111801147461, 55.49354934692383
341.9763641357422, 54.41731262207031
153.33900451660156, 39.175201416015625
204.4625701904297, 49.52094268798828
281.6443634033203, 58.5799446105957
194.00233459472656, 47.94248580932617
285.40682220458984, 44.07400894165039
208.7576446533203, 48.878108978271484
187.9856719970703, 31.527912139892578
174.77891540527344, 61.38936233520508
327.62307357788086, 50.991458892822266
166.3878631591797, 38.93156433105469
345.4517631530762, 62.894386291503906
185.2880859375, 45.1383171081543
306.81859588623047, 55.88551712036133
311.98857498168945, 57.31141662597656
209.7949981689453, 56.658958435058594
222.0243682861328, 51.0489387512207
321.5847854614258, 50.66355895996094
216.74859619140625, 52.44054412841797
140.00437927246094, 34.369998931884766
215.07717895507812, 55.54978942871094
313.9147491455078, 44.17863464355469
182.1056365966797, 50.81980514526367
161.27151489257812, 51.615848541259766
193.111572265625, 42.21204376220703
352.52178859710693, 51.11582565307617
208.75091552734375, 50.641136169433594
184.3126220703125, 45.58554458618164
161.8949432373047, 38.32716751098633
303.70320892333984, 54.5471305847168
298.8071098327637, 49.39089584350586
163.5181427001953, 42.637672424316406
304.1428680419922, 45.77943801879883
195.13047790527344, 46.06849670410156
66.00589752197266, 53.71770095825195
317.6432075500488, 44.945735931396484
285.1371154785156, 42.40755081176758
147.1508026123047, 44.853790283203125
326.6193504333496, 54.228111267089844
303.5635566711426, 45.50400161743164
303.9437446594238, 41.351016998291016
176.78564453125, 50.77629470825195
146.5013427734375, 45.655330657958984
176.27865600585938, 53.31270217895508
174.08358764648438, 44.2100830078125
167.1428680419922, 52.27601623535156
195.53707885742188, 47.71921920776367
327.8473472595215, 54.959388732910156
170.24119567871094, 54.0958137512207
174.11756896972656, 57.968441009521484
294.4491271972656, 44.73310089111328
308.0849266052246, 48.94329833984375
286.02845764160156, 49.26601028442383
332.3953151702881, 51.131866455078125
144.63243103027344, 48.31114959716797
215.2132110595703, 53.15489959716797
350.8168087005615, 59.22565460205078
302.25848388671875, 37.202781677246094
331.8004035949707, 55.355201721191406
318.0654182434082, 51.3089714050293
220.83059692382812, 43.71546173095703
165.8403778076172, 53.24567794799805
206.97019958496094, 39.41571044921875
298.90717697143555, 53.806392669677734
291.52894592285156, 48.123966217041016
148.94264221191406, 46.269287109375
290.4050521850586, 46.18562316894531
187.27691650390625, 54.969181060791016
245.71388244628906, 45.28789138793945
189.1364288330078, 42.812355041503906
167.58724975585938, 42.10349655151367
213.1717987060547, 49.24852752685547
307.3894844055176, 46.43330764770508
216.4677276611328, 47.55708312988281
183.56251525878906, 39.47438430786133
180.149169921875, 39.739742279052734
195.72825622558594, 42.84630584716797
7.237430095672607, 63.38864517211914
174.16751098632812, 51.58699035644531
175.80799865722656, 47.47728729248047
182.8160400390625, 48.66525650024414
312.2163314819336, 49.421592712402344
168.27731323242188, 45.142860412597656
160.241455078125, 47.70476531982422
286.20745849609375, 54.185546875
358.6531625986099, 62.87369918823242
296.8481140136719, 41.16282653808594
159.6462860107422, 45.28048324584961
212.44480895996094, 49.0338249206543
161.12997436523438, 39.83399200439453
201.9388885498047, 47.890602111816406
318.4722023010254, 55.0943603515625
168.75418090820312, 46.05577087402344
311.9651870727539, 40.33561325073242
193.2686004638672, 46.57866287231445
219.67030334472656, 54.11860275268555
184.34307861328125, 46.38638687133789
154.11251831054688, 44.38747024536133
205.09210205078125, 51.40191650390625
225.9322509765625, 38.28704071044922
338.7653465270996, 53.14668655395508
213.53033447265625, 48.83051300048828
337.3512878417969, 60.351051330566406
191.88853454589844, 37.213783264160156
286.9636917114258, 46.55815124511719
204.9806365966797, 53.049171447753906
307.78710174560547, 43.2640380859375
159.964599609375, 45.65232849121094
146.68336486816406, 47.45774459838867
306.52027130126953, 51.16390609741211
191.77239990234375, 44.69841384887695
199.9386749267578, 47.2547492980957
279.9845657348633, 36.94614028930664
166.5574493408203, 42.30329513549805
147.50347900390625, 46.92384719848633
171.9530487060547, 51.73186111450195
159.046875, 50.079566955566406
241.0645294189453, 59.48969268798828
142.65380859375, 48.82831573486328
1.5393050909042358, 59.10319900512695
192.0970001220703, 46.91028594970703
207.68048095703125, 52.07557678222656
175.13943481445312, 52.432647705078125
201.74681091308594, 49.92759704589844
300.1920852661133, 52.1412239074707
176.8832550048828, 59.216922760009766
152.9159698486328, 52.09557342529297
157.43844604492188, 48.38611602783203
309.66332626342773, 54.162925720214844
292.43921661376953, 43.543453216552734
296.8308982849121, 53.19477081298828
220.5929412841797, 48.767433166503906
319.28504180908203, 45.68154525756836
340.00407791137695, 55.31784439086914
303.45986557006836, 48.4885139465332
163.08116149902344, 47.19363021850586
307.09898376464844, 49.10956573486328
298.7548294067383, 48.476959228515625
160.95701599121094, 43.60457229614258
173.90777587890625, 49.686607360839844
316.38457107543945, 48.07761764526367
136.52243041992188, 49.47060012817383
177.08102416992188, 47.631988525390625
311.6966209411621, 50.96818923950195
147.4255828857422, 47.63935852050781
162.12110900878906, 52.9398193359375
219.19326782226562, 33.479042053222656
331.8723907470703, 59.42027282714844
181.98817443847656, 48.331302642822266
205.74185180664062, 53.534976959228516
223.11688232421875, 47.11621856689453
297.05084228515625, 53.039283752441406
289.44640350341797, 39.94036865234375
287.9500427246094, 50.31047821044922
178.7796630859375, 45.10685348510742
179.14590454101562, 57.421024322509766
146.43247985839844, 37.478797912597656
324.6865692138672, 53.910030364990234
160.1138458251953, 37.78738021850586
184.25997924804688, 47.15399932861328
180.99008178710938, 48.10009765625
324.3623733520508, 53.931396484375
196.1868896484375, 50.4106330871582
318.47010040283203, 53.82132339477539
185.46238708496094, 55.485572814941406
298.1985054016113, 51.462032318115234
174.90264892578125, 44.361900329589844
159.3852081298828, 39.278987884521484
305.171817779541, 50.587242126464844
178.1999053955078, 42.31333541870117
280.17138671875, 37.772098541259766
172.58653259277344, 46.61004638671875
314.43305587768555, 50.04798889160156
321.83459854125977, 50.39004898071289
192.505859375, 44.32463836669922
282.3413848876953, 48.98882293701172
159.6861114501953, 42.629093170166016
218.97177124023438, 40.659366607666016
178.39968872070312, 54.681575775146484
198.92764282226562, 47.319664001464844
185.10531616210938, 48.70576477050781
333.29277420043945, 44.24364471435547
30.148775100708008, 49.61827087402344
300.6145668029785, 47.4010009765625
184.0402374267578, 48.48097229003906
216.79513549804688, 45.565269470214844
305.4026298522949, 52.4142951965332
185.93954467773438, 39.340843200683594
155.02000427246094, 39.719703674316406
303.16738510131836, 39.22126007080078
221.02853393554688, 43.750484466552734
179.92706298828125, 47.31360626220703
302.03808212280273, 39.499359130859375
297.0701446533203, 45.78529739379883
207.10464477539062, 50.08116149902344
158.95387268066406, 47.08749771118164
202.3568572998047, 46.413780212402344
193.7940216064453, 42.38554000854492
173.5722198486328, 48.708526611328125
164.03472900390625, 44.38766860961914
333.1580333709717, 57.095436096191406
149.58323669433594, 41.29920959472656
290.0707473754883, 53.04509735107422
197.8025360107422, 51.720035552978516
197.79315185546875, 50.20157241821289
168.85667419433594, 49.53714370727539
321.66308212280273, 58.15351486206055
134.15805053710938, 29.728538513183594
185.42709350585938, 50.267330169677734
176.2242889404297, 56.103363037109375
185.80213928222656, 59.71537399291992
301.6519660949707, 49.11259460449219
198.1453094482422, 45.783653259277344
310.3535041809082, 45.777442932128906
352.4290404319763, 54.34760665893555
197.8252716064453, 51.6308708190918
314.75025939941406, 52.365333557128906
212.75265502929688, 65.80579376220703
141.71957397460938, 45.80106735229492
311.9367980957031, 53.83736801147461
156.6003875732422, 45.00050354003906
198.786376953125, 53.228633880615234
207.10250854492188, 48.79121017456055
187.0177764892578, 46.98350524902344
296.3695640563965, 46.19835662841797
137.9852294921875, 51.279327392578125
142.6510772705078, 47.63469696044922
308.84921646118164, 43.64493942260742
290.21814727783203, 39.38136672973633
174.76882934570312, 47.3369026184082
176.26438903808594, 59.524051666259766
307.9574966430664, 46.92015075683594
158.36282348632812, 47.84170913696289
302.0336151123047, 44.6724853515625
211.02090454101562, 44.672943115234375
308.58572006225586, 54.404747009277344
166.14634704589844, 45.729278564453125
304.2623825073242, 47.68857192993164
293.9244155883789, 49.948707580566406
189.51100158691406, 52.86558532714844
300.5282287597656, 54.24159622192383
166.02975463867188, 46.077030181884766
295.97804260253906, 44.998939514160156
192.07632446289062, 49.64384460449219
207.02980041503906, 44.73555374145508
324.4310836791992, 55.846126556396484
196.48263549804688, 46.67079544067383
312.2904510498047, 53.088138580322266
316.7203025817871, 52.210060119628906
157.0155487060547, 49.76780319213867
156.20057678222656, 48.6048583984375
320.29461669921875, 54.924530029296875
313.4226303100586, 44.703765869140625
170.10658264160156, 57.0375862121582
164.38665771484375, 51.380348205566406
164.42568969726562, 37.493934631347656
289.61863708496094, 46.8846435546875
296.8624382019043, 46.437442779541016
322.9685821533203, 41.226505279541016
169.30760192871094, 44.50318908691406
207.5938720703125, 50.47498321533203
226.9185791015625, 48.71758270263672
199.95391845703125, 44.379451751708984
142.65090942382812, 50.330467224121094
200.1057586669922, 49.79310989379883
167.5507049560547, 46.21000671386719
186.94818115234375, 46.36767578125
190.41062927246094, 41.285404205322266
168.73573303222656, 51.81912612915039
300.5436782836914, 55.71928405761719
149.64598083496094, 46.10409164428711
163.7079315185547, 47.99808883666992
179.73020935058594, 46.600624084472656
190.805908203125, 47.61007308959961
202.3169403076172, 55.09894943237305
303.60765075683594, 54.112449645996094
220.60618591308594, 49.09113311767578
186.2735137939453, 50.853248596191406
285.56858825683594, 53.158714294433594
214.4351348876953, 45.71598434448242
170.1374969482422, 56.461524963378906
269.96851348876953, 49.96443557739258
354.92840337753296, 63.044456481933594
206.63270568847656, 53.42439651489258
145.9873046875, 42.41873550415039
213.65792846679688, 51.548980712890625
324.8159370422363, 50.9650993347168
200.3775177001953, 45.646629333496094
201.1068115234375, 44.869728088378906
350.07801246643066, 57.397403717041016
339.9319381713867, 53.478248596191406
288.63196563720703, 47.46474838256836
188.80467224121094, 58.37199401855469
309.66255950927734, 52.85558319091797
15.849061965942383, 62.021263122558594
198.19839477539062, 50.32358169555664
165.82371520996094, 51.99626159667969
190.80494689941406, 51.313453674316406
15.430108070373535, 56.25373077392578
199.8920440673828, 47.56067657470703
203.66278076171875, 52.451637268066406
322.9854621887207, 49.96861267089844
154.0656280517578, 43.177452087402344
317.19690704345703, 59.33162307739258
200.26881408691406, 51.295169830322266
147.89259338378906, 45.80817413330078
311.25550842285156, 51.509464263916016
173.31536865234375, 33.19161605834961
350.1948938369751, 65.56439971923828
168.46319580078125, 36.21528625488281
169.1822509765625, 44.162105560302734
188.6942596435547, 47.43547821044922
314.16289138793945, 53.858299255371094
215.79669189453125, 47.56364822387695
307.93498611450195, 50.13151168823242
208.18753051757812, 40.74833679199219
293.7084274291992, 38.154293060302734
183.38339233398438, 45.32023620605469
190.8065948486328, 50.20354461669922
186.96713256835938, 47.578338623046875
251.7520751953125, 45.26753616333008
179.09939575195312, 50.85578155517578
225.09982299804688, 46.01967239379883
150.50491333007812, 48.13524627685547
174.55584716796875, 44.40044021606445
156.5986328125, 49.243106842041016
198.83250427246094, 45.59417724609375
162.3173828125, 48.564544677734375
184.65374755859375, 50.96161651611328
87.60948944091797, 34.1262321472168
291.2792510986328, 45.20429611206055
307.30538177490234, 50.35103225708008
184.35105895996094, 51.39827346801758
192.80516052246094, 48.6245002746582
163.9397735595703, 51.005699157714844
191.45458984375, 54.8688850402832
321.991153717041, 57.32759475708008
175.0013885498047, 40.8735466003418
223.81668090820312, 51.17816925048828
325.1543884277344, 56.9952278137207
193.9171600341797, 53.79592514038086
304.5079460144043, 42.55313491821289
281.60897064208984, 42.46518325805664
215.15240478515625, 46.983821868896484
169.85598754882812, 43.499717712402344
329.30286026000977, 54.15261459350586
314.05237197875977, 45.1818962097168
160.10617065429688, 53.10521697998047
270.9952850341797, 43.768211364746094
183.29640197753906, 50.039955139160156
335.6984977722168, 49.71397399902344
197.5662841796875, 42.4985237121582
164.4700164794922, 49.042701721191406
217.7635955810547, 54.64833068847656
169.80685424804688, 55.0860595703125
179.1324920654297, 49.877708435058594
315.57107162475586, 56.85626220703125
348.0181875228882, 57.297767639160156
154.09898376464844, 49.862770080566406
179.90260314941406, 42.556488037109375
131.32479858398438, 45.24217224121094
295.85313415527344, 48.477325439453125
215.38961791992188, 43.863014221191406
151.27076721191406, 45.485477447509766
176.07980346679688, 44.42471694946289
315.34862899780273, 49.02104187011719
200.86798095703125, 52.43387985229492
148.31777954101562, 49.54790115356445
300.8833427429199, 48.40530776977539
199.51722717285156, 50.96807098388672
89.2743148803711, 31.54013442993164
203.4338836669922, 54.026920318603516
316.52490234375, 54.46778106689453
171.85626220703125, 40.651031494140625
311.55961990356445, 41.9412727355957
156.13894653320312, 43.7718391418457
28.090940475463867, 48.06877899169922
167.48268127441406, 40.28076171875
308.2489204406738, 47.05551528930664
177.52847290039062, 40.93901062011719
306.60488510131836, 53.455772399902344
177.4607391357422, 43.156036376953125
325.26057052612305, 52.208492279052734
324.2816696166992, 49.60015106201172
297.3681335449219, 58.895172119140625
196.32716369628906, 54.4958381652832
335.67782402038574, 55.05449676513672
293.9510726928711, 51.5921516418457
175.9627227783203, 48.95646667480469
174.8330535888672, 45.191097259521484
329.46832847595215, 54.508602142333984
181.94358825683594, 43.308502197265625
179.88449096679688, 44.7550048828125
155.71961975097656, 43.54185104370117
189.75875854492188, 52.04825210571289
318.73550033569336, 51.167701721191406
190.1005096435547, 48.72657775878906
297.2524948120117, 44.28104782104492
315.33751678466797, 45.139305114746094
207.3851776123047, 39.21728515625
165.4173583984375, 49.114219665527344
288.55877685546875, 42.11623764038086
319.9599494934082, 56.1323127746582
170.086669921875, 45.84454345703125
315.7249526977539, 53.09737777709961
170.50953674316406, 52.303253173828125
152.46165466308594, 52.47403335571289
205.5596160888672, 44.579071044921875
187.27023315429688, 54.43161392211914
144.2292938232422, 46.259300231933594
306.1702880859375, 51.12083435058594
175.7073516845703, 56.48394775390625
93.4561996459961, 64.7151107788086
195.23475646972656, 47.03522491455078
282.35929107666016, 45.25189208984375
151.38381958007812, 38.93042755126953
183.78463745117188, 58.268348693847656
193.45838928222656, 47.4705696105957
301.4266014099121, 56.385826110839844
311.62699127197266, 52.463539123535156
197.00624084472656, 47.588043212890625
186.75204467773438, 36.638580322265625
299.83824157714844, 46.38154983520508
175.91464233398438, 47.7432975769043
146.40615844726562, 52.45289993286133
213.378173828125, 51.343711853027344
213.96058654785156, 40.36477279663086
145.2440948486328, 51.15616989135742
300.3543510437012, 44.6590461730957
306.89661407470703, 49.19671630859375
274.154052734375, 49.2224235534668
321.94282150268555, 57.626224517822266
196.71435546875, 45.248809814453125
152.3836212158203, 38.696510314941406
138.75067138671875, 46.13492202758789
319.677978515625, 53.10389709472656
344.33337593078613, 59.76476287841797
315.3324890136719, 48.35774230957031
139.5044708251953, 49.46638107299805
190.40769958496094, 47.309566497802734
204.09690856933594, 54.83753967285156
307.96110916137695, 48.2080192565918
335.4123477935791, 53.75511169433594
179.2167205810547, 49.9113883972168
200.0443878173828, 38.67030334472656
280.29559326171875, 47.6337776184082
160.48281860351562, 45.12095260620117
215.56993103027344, 48.7264404296875
328.9976749420166, 51.67473602294922
201.3788604736328, 52.56550598144531
310.0632019042969, 50.823020935058594
342.5897045135498, 50.95338821411133
206.46336364746094, 47.45069885253906
334.70938873291016, 55.37074661254883
192.3411102294922, 38.42505645751953
144.3874053955078, 63.74543380737305
331.560998916626, 51.89715576171875
147.9767303466797, 45.71245574951172
140.41455078125, 41.471073150634766
150.31846618652344, 40.87187194824219
351.09793758392334, 56.75508499145508
336.1798915863037, 48.396915435791016
7.174715518951416, 51.393367767333984
311.8755111694336, 50.86851119995117
316.18949127197266, 50.575191497802734
273.40221405029297, 49.086692810058594
207.7265625, 45.723297119140625
316.5986328125, 54.31953430175781
173.38438415527344, 40.79335403442383
183.9414825439453, 51.02239227294922
155.20802307128906, 46.3717155456543
147.78033447265625, 51.409854888916016
181.54617309570312, 52.30997848510742
295.4311981201172, 43.17325210571289
173.1815185546875, 46.97658157348633
307.17458724975586, 44.301414489746094
173.61016845703125, 45.66310501098633
173.52932739257812, 41.52392578125
318.7955207824707, 47.672576904296875
134.89988708496094, 37.81611633300781
216.27613830566406, 52.934226989746094
154.1029815673828, 49.539634704589844
149.8318328857422, 43.972259521484375
140.22589111328125, 40.528079986572266
171.85791015625, 49.17277526855469
214.0207061767578, 49.69489288330078
208.75003051757812, 55.87537384033203
192.0417022705078, 54.078189849853516
175.38462829589844, 47.34388732910156
322.2651901245117, 51.308650970458984
167.7329559326172, 43.99598693847656
313.76636123657227, 55.93715286254883
167.70736694335938, 60.731380462646484
172.52976989746094, 57.716976165771484
148.7766571044922, 55.15326690673828
149.24635314941406, 40.538429260253906
281.2785873413086, 38.21611022949219
137.9320526123047, 49.51429748535156
187.2550048828125, 41.62415313720703
147.15106201171875, 51.22792434692383
303.9474449157715, 60.28931427001953
167.42779541015625, 45.52362060546875
356.4498841762543, 66.59319305419922
94.65959167480469, 34.73294448852539
184.66802978515625, 43.354312896728516
117.49405670166016, 43.62567138671875
207.63265991210938, 52.11528396606445
222.41775512695312, 51.76396560668945
172.4800567626953, 52.598670959472656
165.05178833007812, 50.922088623046875
294.5071105957031, 56.26599884033203
192.90394592285156, 53.50362014770508
153.92724609375, 47.049774169921875
147.74566650390625, 46.09986877441406
221.3502960205078, 53.76466369628906
308.077880859375, 52.300846099853516
159.2034149169922, 45.263431549072266
187.59996032714844, 41.71577453613281
350.9312381744385, 58.57077407836914
326.85287857055664, 60.78532409667969
282.2052001953125, 41.89794158935547
287.8810119628906, 42.80078125
139.76231384277344, 49.625099182128906
194.45248413085938, 46.14382553100586
148.4794158935547, 42.17608642578125
218.76040649414062, 42.68690490722656
191.9766387939453, 45.065406799316406
288.4488296508789, 48.250450134277344
141.19277954101562, 37.84933853149414
342.3496913909912, 64.14661407470703
291.3894729614258, 36.83913803100586
322.5607261657715, 48.583560943603516
192.7458038330078, 50.1402473449707
155.81459045410156, 36.16168212890625
136.51258850097656, 44.0656852722168
318.8447914123535, 53.604286193847656
193.2161407470703, 42.78591537475586
148.11865234375, 45.74336624145508
314.7346534729004, 54.62622833251953
300.6181182861328, 46.720909118652344
164.94039916992188, 42.22100067138672
142.95220947265625, 44.09156036376953
173.4491424560547, 47.571922302246094
330.1408290863037, 50.911598205566406
151.42666625976562, 45.26105880737305
170.1085968017578, 46.884544372558594
161.10072326660156, 46.13801574707031
295.90364837646484, 47.73731994628906
319.1401252746582, 47.68364715576172
192.7465362548828, 41.887699127197266
329.3531951904297, 60.956451416015625
80.84522247314453, 61.25453186035156
138.15501403808594, 44.948326110839844
92.78590393066406, 53.65925979614258
287.4990463256836, 48.51686096191406
301.5698127746582, 58.652442932128906
289.6673583984375, 55.778263092041016
187.0022430419922, 49.18107223510742
315.8074607849121, 58.508453369140625
149.46151733398438, 35.989662170410156
213.84417724609375, 39.93973922729492
287.3869857788086, 35.95389175415039
148.53187561035156, 39.15196990966797
341.3390235900879, 60.736183166503906
330.11181831359863, 53.15312957763672
228.66163635253906, 46.79578399658203
168.1672821044922, 49.646263122558594
208.67237854003906, 49.715599060058594
181.2403106689453, 57.7637939453125
308.20055389404297, 50.2846794128418
165.95889282226562, 46.260379791259766
282.50506591796875, 53.51604461669922
330.89162826538086, 53.96220397949219
199.14303588867188, 51.223052978515625
182.25460815429688, 43.40311050415039
165.37167358398438, 48.87910079956055
197.6116485595703, 53.54054260253906
201.046142578125, 43.44373321533203
275.74830627441406, 45.27687072753906
184.9013214111328, 42.25647735595703
293.31554412841797, 37.72646713256836
304.5569267272949, 44.72084426879883
219.8311004638672, 50.047332763671875
142.0736541748047, 38.004425048828125
195.63758850097656, 51.932220458984375
174.6051788330078, 42.91476821899414
328.4650344848633, 52.25298309326172
312.14543533325195, 47.3647346496582
202.24681091308594, 47.58942794799805
290.9442367553711, 36.32143020629883
116.44927978515625, 60.341243743896484
306.3370475769043, 51.06238555908203
301.114013671875, 51.55167007446289
154.9322509765625, 40.601158142089844
195.65261840820312, 45.01504135131836
9.62007999420166, 39.54740905761719
285.65616607666016, 52.4039192199707
158.5106201171875, 49.82745361328125
313.12675857543945, 54.41952896118164
165.08370971679688, 51.75998306274414
319.3416519165039, 59.383323669433594
317.6763458251953, 55.16288757324219
143.10427856445312, 43.901771545410156
330.0350093841553, 54.19761657714844
300.5231399536133, 49.504398345947266
300.9772300720215, 54.77793502807617
295.01473236083984, 46.843631744384766
312.0624237060547, 56.87520217895508
173.7439727783203, 45.356971740722656
314.952938079834, 53.38021469116211
332.1382865905762, 45.03129577636719
206.6631317138672, 37.309349060058594
125.79270935058594, 41.82194519042969
167.6807861328125, 48.06404495239258
146.98025512695312, 40.28822708129883
325.7779312133789, 49.41417694091797
26.31418800354004, 77.01703643798828
164.910888671875, 54.65193176269531
284.78639221191406, 50.00461959838867
132.91004943847656, 51.08237075805664
202.36865234375, 50.37516403198242
328.63058280944824, 54.25536346435547
173.61160278320312, 58.377079010009766
180.8616180419922, 49.00249099731445
270.4358215332031, 49.68947219848633
165.52891540527344, 53.07211685180664
176.3792724609375, 48.822608947753906
148.4373779296875, 49.82798767089844
211.66746520996094, 54.462242126464844
149.0963897705078, 52.957637786865234
332.75693130493164, 50.44940948486328
311.36279296875, 55.21662139892578
323.9642562866211, 56.542720794677734
156.83168029785156, 45.873287200927734
338.42755126953125, 61.0270881652832
314.9061965942383, 50.24900436401367
195.30691528320312, 53.98701858520508
127.68206024169922, 36.71709060668945
331.3378562927246, 52.38331985473633
344.9555940628052, 59.384578704833984
294.6449203491211, 52.101688385009766
179.31251525878906, 61.43711471557617
287.3827896118164, 57.10036087036133
195.91807556152344, 70.10362243652344
320.4659729003906, 51.79240798950195
140.0453643798828, 34.81239318847656
299.68283462524414, 44.661155700683594
203.67694091796875, 47.80253219604492
307.7923049926758, 48.750736236572266
170.16481018066406, 44.9769172668457
231.0731658935547, 41.13188934326172
151.6048126220703, 46.10137176513672
321.4500198364258, 51.300994873046875
156.4130096435547, 47.03522872924805
310.89698028564453, 45.80086135864258
155.55003356933594, 42.74811935424805
309.4858283996582, 53.51955032348633
298.32032775878906, 47.17921447753906
344.8183784484863, 54.13552474975586
186.85552978515625, 40.422367095947266
166.8294219970703, 48.92113494873047
159.79776000976562, 51.35966110229492
297.53365325927734, 55.258731842041016
307.59111404418945, 49.85158157348633
208.09107971191406, 48.191680908203125
221.8221893310547, 42.11985778808594
313.80770111083984, 50.67084503173828
301.80361557006836, 48.22238540649414
152.7976837158203, 43.71491622924805
208.3775634765625, 45.5230598449707
300.88326263427734, 47.571746826171875
78.00587463378906, 65.5053939819336
224.20046997070312, 51.17626953125
182.5337371826172, 45.93061065673828
303.66840744018555, 58.4033317565918
213.0521697998047, 47.046104431152344
180.9208984375, 43.88609313964844
176.7266387939453, 44.3321647644043
153.4667205810547, 43.539710998535156
202.09556579589844, 50.897850036621094
126.03308868408203, 40.485416412353516
159.80332946777344, 38.64141082763672
308.7279052734375, 50.861331939697266
161.4505615234375, 64.30807495117188
172.27964782714844, 51.71307373046875
195.27227783203125, 44.523040771484375
319.28571701049805, 43.92529296875
164.87265014648438, 51.004844665527344
186.8686981201172, 40.23662185668945
152.65965270996094, 50.28511047363281
295.62183380126953, 42.97004318237305
168.37319946289062, 46.714298248291016
212.3171844482422, 52.48313522338867
192.9567413330078, 55.26432418823242
266.9009475708008, 48.22456741333008
143.52157592773438, 47.70856475830078
160.734375, 45.9923210144043
164.7489013671875, 55.21504592895508
316.773193359375, 56.86732864379883
287.6233825683594, 51.00269317626953
141.44375610351562, 46.0045280456543
308.1132926940918, 52.580379486083984
324.3606948852539, 51.844207763671875
195.72402954101562, 52.309471130371094
295.2411117553711, 46.19165802001953
164.06871032714844, 40.99402618408203
143.76361083984375, 46.05974197387695
200.9351806640625, 41.19027328491211
150.0780792236328, 41.05340576171875
145.92921447753906, 42.0081672668457
214.1896209716797, 46.274349212646484
302.676815032959, 58.16633987426758
195.45046997070312, 47.85868453979492
143.24859619140625, 48.76544952392578
176.88433837890625, 51.05859375
160.57826232910156, 55.79630661010742
322.9240264892578, 36.856624603271484
302.744327545166, 52.991329193115234
178.49319458007812, 49.70578384399414
324.01219940185547, 40.904048919677734
151.1697235107422, 38.15495681762695
315.53635025024414, 47.84844207763672
177.4403076171875, 35.159889221191406
142.2251739501953, 43.99027633666992
311.77213287353516, 54.04248046875
212.13186645507812, 47.16910171508789
287.43172454833984, 38.46305465698242
159.17095947265625, 40.42659378051758
317.4233856201172, 46.540592193603516
290.76612091064453, 40.912109375
200.9704132080078, 48.02656555175781
168.3386688232422, 49.22870635986328
147.5290069580078, 42.83417510986328
137.70460510253906, 39.57372283935547
161.60826110839844, 50.76860809326172
211.3874053955078, 53.49948501586914
197.5562744140625, 50.678863525390625
328.924072265625, 56.267086029052734
195.9546356201172, 49.64287185668945
195.1399383544922, 58.31747055053711
170.92575073242188, 57.46985626220703
329.19984436035156, 46.42349624633789
183.7199249267578, 50.968135833740234
324.84154510498047, 50.62034225463867
220.50851440429688, 47.323081970214844
275.4264678955078, 43.54491424560547
185.21009826660156, 59.660118103027344
191.2183380126953, 51.16289520263672
314.1940803527832, 57.79702377319336
135.50083923339844, 47.97027587890625
146.7101593017578, 54.92840576171875
290.47989654541016, 56.12004470825195
223.57427978515625, 38.037750244140625
170.69198608398438, 50.11845779418945
180.8032684326172, 50.65052795410156
180.217529296875, 48.30266189575195
141.7657012939453, 49.80900573730469
311.21924209594727, 45.18924331665039
306.32556533813477, 51.12686538696289
297.3019332885742, 39.35396194458008
316.14315032958984, 48.81243133544922
187.65794372558594, 47.540828704833984
150.64393615722656, 45.1669807434082
343.3919086456299, 57.038291931152344
248.8480224609375, 46.4074592590332
200.79647827148438, 51.22175598144531
221.27975463867188, 51.4399528503418
183.96649169921875, 48.30206298828125
178.708740234375, 50.37328338623047
283.2353286743164, 37.61555099487305
217.3319549560547, 42.45195007324219
157.08494567871094, 41.33381271362305
220.7250518798828, 44.406532287597656
215.4470672607422, 41.93671417236328
183.78460693359375, 50.457176208496094
158.51576232910156, 42.090023040771484
159.6843719482422, 47.132198333740234
149.40328979492188, 44.10203552246094
327.0848503112793, 55.341346740722656
1.1128332614898682, 59.659759521484375
155.2376708984375, 49.64222717285156
183.70138549804688, 55.816810607910156
157.07533264160156, 44.50602340698242
193.45765686035156, 53.714622497558594
307.59716796875, 49.64223098754883
183.1681671142578, 51.7476806640625
318.3612632751465, 48.95482635498047
161.03028869628906, 48.17263412475586
0.33447590470314026, 59.60648727416992
171.62286376953125, 54.770225524902344
315.3732109069824, 41.9757194519043
211.2713165283203, 44.01362991333008
64.42437744140625, 56.25532913208008
290.34851837158203, 43.600440979003906
302.05126953125, 40.853553771972656
327.0427932739258, 45.34939193725586
161.779052734375, 48.3072509765625
308.2992630004883, 52.33416748046875
172.30459594726562, 46.40885543823242
319.7917823791504, 43.935096740722656
317.0285987854004, 52.99355697631836
181.6560821533203, 57.49869155883789
194.43263244628906, 57.760276794433594
309.37236404418945, 44.8116340637207
180.75743103027344, 52.20159912109375
278.56726837158203, 53.50429916381836
343.4241256713867, 63.16484451293945
177.1024169921875, 49.44462203979492
203.79269409179688, 47.09699249267578
132.76109313964844, 43.54377746582031
321.07555770874023, 53.22972106933594
305.6631889343262, 47.59516143798828
290.2831115722656, 49.51715087890625
156.87588500976562, 41.26157760620117
329.9231262207031, 48.5467643737793
303.57959365844727, 43.3763313293457
142.79920959472656, 47.10249710083008
223.34117126464844, 41.33041763305664
208.21119689941406, 51.678138732910156
183.05572509765625, 49.92386245727539
294.48521423339844, 49.20014572143555
303.24486541748047, 51.996517181396484
180.05496215820312, 50.21769714355469
153.92041015625, 38.30492401123047
329.3451633453369, 47.2108039855957
294.3993835449219, 42.27659606933594
166.26609802246094, 46.12759017944336
299.4119644165039, 44.33152389526367
224.7873992919922, 51.4499397277832
349.53717708587646, 59.709224700927734
299.41542053222656, 49.834720611572266
217.0555877685547, 51.34400939941406
156.5155029296875, 46.37989807128906
216.25746154785156, 54.94361114501953
185.79541015625, 53.523502349853516
302.80126190185547, 49.94550704956055
159.86073303222656, 46.00939178466797
285.70398712158203, 39.957550048828125
165.64047241210938, 48.38719177246094
176.23440551757812, 49.0930061340332
346.2715787887573, 59.976226806640625
317.97446060180664, 52.2498779296875
193.05194091796875, 43.37614059448242
157.26011657714844, 43.57502746582031
166.9580535888672, 53.271568298339844
0.884497880935669, 54.18059158325195
158.9166259765625, 43.09136962890625
299.70808029174805, 51.840267181396484
316.2350044250488, 52.30174255371094
171.73541259765625, 48.06765365600586
342.76330757141113, 57.041709899902344
274.0317077636719, 46.81146240234375
172.09210205078125, 42.955196380615234
194.59083557128906, 45.21405029296875
339.53160858154297, 55.81816101074219
289.4701690673828, 40.891510009765625
180.86129760742188, 59.265933990478516
155.6425018310547, 44.36479187011719
164.44418334960938, 47.03232955932617
195.75640869140625, 47.01593780517578
298.6443672180176, 52.118370056152344
169.5946807861328, 39.93607711791992
190.42320251464844, 49.25334167480469
213.02708435058594, 52.253143310546875
166.64125061035156, 50.597862243652344
324.4372329711914, 55.88496780395508
201.65216064453125, 47.71601104736328
289.01570892333984, 48.77633285522461
320.27529525756836, 51.04460906982422
295.1732406616211, 47.41018295288086
197.00706481933594, 51.5070686340332
262.3911361694336, 55.87238311767578
318.27893829345703, 41.275943756103516
314.70920181274414, 47.62669372558594
153.70541381835938, 49.89149856567383
301.1097984313965, 55.6622428894043
317.42445373535156, 58.53309631347656
212.63076782226562, 48.072845458984375
193.74282836914062, 47.708126068115234
296.1900863647461, 55.09937286376953
141.60472106933594, 51.341346740722656
184.79681396484375, 67.97705078125
232.78860473632812, 44.259605407714844
154.52957153320312, 54.52074432373047
184.6978302001953, 45.72511672973633
293.27935791015625, 43.892242431640625
289.1783218383789, 40.86946105957031
168.1686248779297, 49.72663116455078
196.3087921142578, 48.717247009277344
321.3051872253418, 52.79975509643555
206.16299438476562, 44.79450225830078
215.4763946533203, 48.068607330322266
206.04830932617188, 52.488922119140625
306.90233612060547, 54.279884338378906
173.9971923828125, 51.93898010253906
166.53741455078125, 48.76239013671875
198.51292419433594, 44.1375732421875
226.13629150390625, 46.884857177734375
325.417537689209, 64.60955810546875
172.06033325195312, 36.055198669433594
203.70535278320312, 51.110107421875
177.94654846191406, 44.33062744140625
204.3193359375, 47.67686080932617
317.158504486084, 43.72742462158203
205.31129455566406, 50.0510139465332
171.28268432617188, 62.940521240234375
302.2193946838379, 46.0298957824707
305.0611763000488, 41.0390739440918
129.51202392578125, 40.87046813964844
308.82812881469727, 45.453529357910156
178.45620727539062, 46.539737701416016
135.1470184326172, 32.76188278198242
187.04754638671875, 48.49509048461914
217.12051391601562, 49.49653625488281
163.21682739257812, 50.1697883605957
312.3765869140625, 45.42512512207031
214.60960388183594, 51.11880111694336
163.28656005859375, 50.54683303833008
299.7835998535156, 48.653656005859375
289.2613754272461, 36.72207260131836
141.2037811279297, 44.14796829223633
141.11314392089844, 62.27660369873047
153.5480194091797, 49.14142990112305
316.6378364562988, 57.66556167602539
307.3452835083008, 41.16313934326172
169.8846435546875, 52.13541793823242
287.7814636230469, 56.320308685302734
298.8492660522461, 45.26087951660156
329.81810569763184, 55.17106246948242
161.7292938232422, 48.99298095703125
284.5863723754883, 58.55080032348633
343.40373039245605, 52.81978988647461
191.0265350341797, 47.34444046020508
296.550537109375, 55.89284133911133
202.93002319335938, 41.52720642089844
318.70547103881836, 56.7712287902832
330.1411838531494, 54.23351287841797
138.75555419921875, 45.47468566894531
208.32334899902344, 39.47202682495117
178.02706909179688, 44.91252899169922
337.67797660827637, 56.561302185058594
300.2909049987793, 57.273529052734375
178.4655303955078, 61.91455078125
197.00465393066406, 46.33407211303711
173.28155517578125, 50.10580062866211
225.16673278808594, 47.461734771728516
170.02110290527344, 46.41618347167969
302.42839431762695, 52.43491744995117
168.0801239013672, 56.87923049926758
159.1126251220703, 42.98344802856445