40.01178741455078, 35.86178970336914
27.6106014251709, 35.9836311340332
3.104229211807251, 35.73786163330078
31.78390121459961, 37.60273361206055
22.1265926361084, 41.702667236328125
22.50225067138672, 42.89421844482422
28.10578727722168, 42.44002914428711
23.636398315429688, 33.95671844482422
28.195802688598633, 36.36484909057617
9.330221176147461, 31.68918800354004
37.495487213134766, 37.506431579589844
7.609980583190918, 41.41992950439453
1.1895843744277954, 37.86350631713867
42.8058967590332, 31.954288482666016
41.3153076171875, 44.709815979003906
8.982959747314453, 36.31816482543945
6.843392372131348, 31.983659744262695
42.064613342285156, 31.984878540039062
14.404820442199707, 38.55753707885742
23.56893539428711, 37.43498992919922
27.77080535888672, 39.7303466796875
34.01001739501953, 36.098995208740234
18.96201515197754, 36.00216293334961
12.560067176818848, 34.707725524902344
13.347905158996582, 32.27469253540039
20.890153884887695, 36.44916534423828
19.961700439453125, 37.09056091308594
23.627199172973633, 38.4294319152832
26.627477645874023, 42.20391845703125
23.742300033569336, 36.14907455444336
21.14381980895996, 37.40015411376953
17.471847534179688, 34.919185638427734
28.23696517944336, 33.25602340698242
34.9206657409668, 44.16188430786133
9.051848411560059, 41.94692611694336
5.870606422424316, 32.890716552734375
35.24500274658203, 43.80587387084961
31.51661491394043, 35.25044631958008
28.666425704956055, 31.845592498779297
29.64266014099121, 44.20585632324219
19.00414276123047, 31.98362922668457
4.567775726318359, 33.93460464477539
13.330873489379883, 39.47957229614258
26.234621047973633, 30.95977020263672
16.251537322998047, 43.439579010009766
20.12489128112793, 43.869483947753906
15.802874565124512, 38.686031341552734
14.611773490905762, 30.476703643798828
11.788763999938965, 42.974853515625
21.828462600708008, 41.52042007446289
19.473285675048828, 30.162260055541992
20.13129425048828, 37.26416778564453
29.45286750793457, 32.730506896972656
23.432222366333008, 41.92020034790039
12.826190948486328, 38.588680267333984
9.948829650878906, 33.52631378173828
39.932823181152344, 33.0050163269043
11.159643173217773, 33.09585952758789
35.406410217285156, 34.5840950012207
15.625609397888184, 41.105857849121094
4.696394920349121, 32.87226104736328
3.1138193607330322, 30.443105697631836
36.467891693115234, 33.5580940246582
37.4481201171875, 42.49747848510742
42.01847457885742, 32.261009216308594
22.509422302246094, 43.48085021972656
28.446908950805664, 42.63806915283203
8.75383186340332, 44.77620315551758
16.060001373291016, 38.47700119018555
40.316646575927734, 43.86356735229492
26.94124412536621, 37.687538146972656
24.038843154907227, 37.136329650878906
24.65108299255371, 36.412017822265625
22.107501983642578, 38.07510757446289
37.352298736572266, 32.838375091552734
14.725397109985352, 36.74867248535156
32.17153549194336, 37.78752136230469
28.246885299682617, 37.2854118347168
16.45674705505371, 39.28702163696289
20.86794090270996, 35.19182205200195
11.854594230651855, 39.85947036743164
27.366487503051758, 36.99961471557617
22.660396575927734, 40.958492279052734
32.26573944091797, 42.45006561279297
18.41678237915039, 37.379947662353516
23.327699661254883, 33.027713775634766
37.510643005371094, 44.932525634765625
16.16136360168457, 30.193326950073242
34.493656158447266, 41.07421112060547
1.1514301300048828, 30.25524139404297
19.704410552978516, 37.93095779418945
32.14771270751953, 39.33680725097656
22.130077362060547, 39.333534240722656
31.935203552246094, 36.04029083251953
25.386991500854492, 35.90724563598633
46.78982162475586, 39.56769561767578
7.890283584594727, 39.42913818359375
20.962236404418945, 38.73795700073242
17.58742904663086, 38.39019775390625
21.745765686035156, 36.80940628051758
13.575878143310547, 35.07102966308594
19.290966033935547, 38.193424224853516
20.06052017211914, 36.26771545410156
30.854637145996094, 37.513431549072266
18.494253158569336, 44.768470764160156
9.544203758239746, 36.68739318847656
30.548309326171875, 31.81355857849121
20.541812896728516, 40.95612716674805
34.97666931152344, 41.759639739990234
17.588533401489258, 41.991275787353516
25.425687789916992, 42.75355911254883
8.430508613586426, 42.27218246459961
21.35538101196289, 37.67947769165039
9.115962028503418, 40.482666015625
28.123151779174805, 33.974456787109375
13.565221786499023, 42.73870849609375
6.397811412811279, 30.712078094482422
0.9765381217002869, 30.07110023498535
2.2336277961730957, 30.311952590942383
16.492576599121094, 36.672828674316406
49.30715560913086, 40.8700065612793
28.239255905151367, 35.44220733642578
23.249298095703125, 33.80092239379883
21.836444854736328, 36.12288284301758
16.0921630859375, 30.873319625854492
43.08405685424805, 31.657058715820312
23.40778350830078, 38.18626403808594
31.448579788208008, 41.901634216308594
21.651535034179688, 35.73073959350586
25.920326232910156, 36.696319580078125
26.62649917602539, 36.910362243652344
22.722393035888672, 38.4050407409668
11.748750686645508, 38.97038269042969
31.746789932250977, 35.181697845458984
30.101146697998047, 41.91483688354492
22.47386932373047, 39.05957794189453
19.423437118530273, 37.668235778808594
5.809147357940674, 30.682119369506836
30.275115966796875, 36.00486373901367
48.75910568237305, 43.19667434692383
24.593595504760742, 30.052013397216797
40.92880630493164, 32.714195251464844
2.649097204208374, 43.64866638183594
2.952637195587158, 31.90498161315918
18.046161651611328, 41.34419631958008
14.309788703918457, 31.021198272705078
26.610246658325195, 35.09709167480469
18.488140106201172, 37.50126266479492
24.461992263793945, 41.08110046386719
18.28639793395996, 38.8283576965332
34.35565185546875, 33.34480667114258
12.418508529663086, 41.647613525390625
23.84140396118164, 33.756988525390625
14.60103988647461, 39.80653381347656
14.626444816589355, 40.97223663330078
29.634204864501953, 43.96156311035156
17.825454711914062, 40.002342224121094
26.63927459716797, 42.78167724609375
4.0636091232299805, 41.993370056152344
9.934967041015625, 31.650283813476562
24.675857543945312, 31.868337631225586
27.182886123657227, 42.72667694091797
14.991132736206055, 35.244422912597656
2.8373074531555176, 31.829622268676758
10.745773315429688, 33.42756652832031
22.969818115234375, 30.06471061706543
15.569393157958984, 42.72536087036133
9.43937873840332, 39.54932403564453
29.560848236083984, 41.99500274658203
24.022695541381836, 37.6014404296875
14.967938423156738, 37.53605270385742
28.030073165893555, 32.34877014160156
8.211723327636719, 32.51901626586914
16.38533592224121, 39.177162170410156
9.009529113769531, 42.635738372802734
13.431427001953125, 40.174346923828125
9.26882553100586, 32.158592224121094
47.460567474365234, 32.239810943603516
12.96483039855957, 37.78292465209961
15.93259048461914, 33.10622787475586
41.77751541137695, 32.180721282958984
19.537492752075195, 32.5743522644043
14.553984642028809, 38.3408088684082
43.91419219970703, 30.75726318359375
9.154011726379395, 42.995811462402344
49.99538040161133, 40.5684814453125
9.543036460876465, 31.192197799682617
16.78289222717285, 38.72735595703125
18.865421295166016, 38.68175506591797
29.615489959716797, 35.61159133911133
40.451805114746094, 36.86103057861328
12.831669807434082, 31.54475212097168
19.374462127685547, 36.18259811401367
24.747230529785156, 37.64910125732422
1.7155123949050903, 40.133026123046875
24.59334945678711, 38.557586669921875
43.232391357421875, 42.849098205566406
35.648406982421875, 40.84911346435547
33.27601623535156, 38.777347564697266
23.0815372467041, 30.149761199951172
20.009340286254883, 38.29380798339844
30.72732925415039, 37.761531829833984
32.78154373168945, 39.839839935302734
18.928632736206055, 34.18315505981445
21.877201080322266, 35.873504638671875
28.043210983276367, 33.272117614746094
7.239365100860596, 32.380516052246094
14.97436237335205, 36.96472930908203
44.88387680053711, 32.16322326660156
15.997272491455078, 39.01258087158203
13.392034530639648, 32.5375862121582
33.039649963378906, 35.716819763183594
17.83159828186035, 32.964237213134766
18.38058090209961, 39.547645568847656
19.538301467895508, 34.369529724121094
26.364688873291016, 38.86897277832031
30.63043975830078, 33.76726150512695
15.136490821838379, 34.205440521240234
28.049945831298828, 36.978031158447266
13.932456016540527, 31.795848846435547
3.243694543838501, 30.209228515625
6.361510276794434, 41.9486198425293
10.89676284790039, 37.765438079833984
24.18128776550293, 40.30418014526367
34.407005310058594, 43.9753532409668
24.352893829345703, 43.91316223144531
0.12085650861263275, 32.05731201171875
5.538411617279053, 32.76284408569336
16.846277236938477, 32.98774719238281
41.82933044433594, 32.37687683105469
14.102259635925293, 39.94102478027344
48.65646743774414, 37.10232925415039
25.20305633544922, 40.79083251953125
27.648712158203125, 44.834346771240234
12.104080200195312, 43.55617141723633
23.84221649169922, 35.54181671142578
15.31656551361084, 38.74356460571289
28.157394409179688, 39.85504150390625
27.273958206176758, 37.479881286621094
24.0674991607666, 34.48247146606445
11.874883651733398, 33.11079406738281
47.62815856933594, 44.895790100097656
46.73819351196289, 38.12053680419922
28.462238311767578, 37.70914077758789
22.328514099121094, 42.56303024291992
11.207815170288086, 40.327674865722656
25.685047149658203, 43.03294372558594
19.04821014404297, 31.614748001098633
5.08738374710083, 34.44355773925781
22.146764755249023, 31.354366302490234
29.088056564331055, 39.673500061035156
20.332124710083008, 31.034404754638672
11.625909805297852, 42.248531341552734
6.840260028839111, 39.89933776855469
13.98255443572998, 33.30838394165039
23.769636154174805, 35.36250305175781
22.108489990234375, 41.58100509643555
19.600078582763672, 38.14471435546875
27.577449798583984, 34.35148620605469
20.96991729736328, 35.822662353515625
32.715091705322266, 37.45838928222656
28.800464630126953, 32.694862365722656
35.211273193359375, 38.636451721191406
18.310903549194336, 39.157901763916016
41.20243453979492, 33.11833953857422
37.82748794555664, 30.592073440551758
20.55076026916504, 39.08733367919922
44.324832916259766, 30.538055419921875
43.133296966552734, 32.28513717651367
17.951725006103516, 32.69310760498047
38.09632873535156, 36.465545654296875
44.025367736816406, 31.88542366027832
28.453271865844727, 35.68702697753906
20.72989845275879, 36.79473876953125
23.17254638671875, 36.18946075439453
21.55223846435547, 37.49689483642578
27.80603790283203, 36.773677825927734
30.176179885864258, 36.53464889526367
31.65042495727539, 33.956478118896484
38.76725387573242, 33.498565673828125
17.016464233398438, 38.183021545410156
37.72358322143555, 37.02588653564453
17.385316848754883, 33.00654602050781
25.904081344604492, 38.77924728393555
26.374704360961914, 44.350643157958984
15.821818351745605, 30.05816078186035
17.657550811767578, 34.22952651977539
38.722896575927734, 33.69414138793945
0.42783868312835693, 35.05242156982422
9.002293586730957, 33.4005241394043
29.754924774169922, 33.095489501953125
18.410478591918945, 30.532716751098633
37.34012985229492, 42.859710693359375
35.012062072753906, 42.848567962646484
24.44206428527832, 35.37129211425781
17.646360397338867, 37.73759460449219
8.337221145629883, 44.17787170410156
13.343168258666992, 37.86471939086914
24.42889404296875, 43.677406311035156
13.953768730163574, 40.11870574951172
32.375850677490234, 35.46445083618164
37.48967361450195, 36.77250289916992
8.868413925170898, 34.08601379394531
21.0974178314209, 38.070899963378906
29.190614700317383, 36.69064712524414
35.425865173339844, 35.0859489440918
16.457914352416992, 38.77635192871094
1.2161000967025757, 38.8845329284668
13.119739532470703, 38.26519012451172
20.386125564575195, 34.00700378417969
16.980478286743164, 37.757259368896484
43.87055969238281, 32.738040924072266
42.860679626464844, 33.364097595214844
12.044404983520508, 34.807891845703125
25.2405948638916, 37.23410415649414
26.728689193725586, 37.79214096069336
14.367575645446777, 35.52037811279297
39.17884063720703, 30.486539840698242
11.910508155822754, 36.867698669433594
41.05683517456055, 32.04307174682617
21.129194259643555, 36.732425689697266
25.6510009765625, 36.667057037353516
18.502099990844727, 35.90058135986328
24.02419090270996, 37.98299026489258
38.28337097167969, 35.92301559448242
22.51343536376953, 35.98305130004883
14.433146476745605, 36.36142349243164
27.216400146484375, 36.843780517578125
31.767860412597656, 42.63985061645508
26.664175033569336, 39.50859069824219
15.230219841003418, 37.02353286743164
2.667982339859009, 31.123762130737305
38.23590087890625, 33.90492630004883
9.35917854309082, 35.744873046875
32.187870025634766, 38.183719635009766
2.40258526802063, 40.034324645996094
5.696167469024658, 40.450035095214844
3.706774950027466, 30.687416076660156
29.844615936279297, 33.78571701049805
41.02998352050781, 39.695804595947266
21.79390525817871, 40.02425003051758
25.23495101928711, 41.680599212646484
47.16974639892578, 40.014766693115234
29.93362045288086, 36.259098052978516
22.915674209594727, 31.709796905517578
13.610458374023438, 35.40017318725586
28.26069450378418, 36.24803161621094
34.107147216796875, 37.506317138671875
23.972585678100586, 38.22722244262695
42.87558364868164, 43.87504959106445
31.348934173583984, 42.408775329589844
28.262136459350586, 31.980796813964844
30.094635009765625, 41.47455978393555
44.98289489746094, 31.394746780395508
20.336746215820312, 38.312278747558594
15.35535717010498, 42.300254821777344
20.120622634887695, 39.487770080566406
26.736547470092773, 37.67137908935547
23.48777961730957, 32.00305938720703
11.801980972290039, 32.97866439819336
1.8455159664154053, 31.46034049987793
23.407150268554688, 36.9648551940918
8.10536003112793, 31.092117309570312
13.329383850097656, 41.44648361206055
36.70351028442383, 43.87360382080078
32.672245025634766, 42.98014831542969
30.252025604248047, 38.06817626953125
43.70081329345703, 42.67369079589844
42.53196716308594, 31.898855209350586
16.187549591064453, 40.34553909301758
22.340354919433594, 42.356414794921875
34.536766052246094, 43.49531555175781
13.11015510559082, 40.98033905029297
23.82139015197754, 37.63838577270508
39.965660095214844, 43.478477478027344
11.644708633422852, 42.46675491333008
29.236391067504883, 39.33867263793945
19.69150733947754, 42.145145416259766
25.204029083251953, 38.78531265258789
14.810446739196777, 37.27495574951172
34.537044525146484, 36.237422943115234
33.9290771484375, 35.36689376831055
6.919131755828857, 43.287445068359375
1.2637267112731934, 40.454734802246094
22.672704696655273, 38.51699447631836
19.639684677124023, 31.707937240600586
33.76455307006836, 38.56547164916992
13.003154754638672, 39.809120178222656
4.638992786407471, 31.927539825439453
12.557759284973145, 41.30842971801758
24.14259147644043, 42.577674865722656
40.66604232788086, 31.97320556640625
49.56890106201172, 30.237760543823242
35.50086975097656, 42.224761962890625
43.06658172607422, 37.37404251098633
38.022769927978516, 34.78927230834961
4.998669624328613, 32.05983352661133
7.884903907775879, 35.172218322753906
8.551957130432129, 30.61548614501953
37.3337287902832, 33.335784912109375
22.061269760131836, 41.37631607055664
14.496476173400879, 43.51197052001953
22.182157516479492, 44.002479553222656
10.650840759277344, 42.72581100463867
15.030924797058105, 35.4981575012207
23.992116928100586, 37.82767868041992
24.41311264038086, 44.05594253540039
22.74701690673828, 31.330440521240234
16.929698944091797, 36.68565368652344
29.050151824951172, 40.3198356628418
36.57220458984375, 36.763160705566406
21.422531127929688, 34.101097106933594
22.573177337646484, 37.747581481933594
26.77850914001465, 36.02082443237305
36.477333068847656, 37.39564895629883
32.88641357421875, 39.95346450805664
14.434410095214844, 38.8101806640625
20.76918601989746, 39.56028747558594
24.6641788482666, 32.20968246459961
20.686279296875, 31.993907928466797
44.24251174926758, 30.135236740112305
18.566606521606445, 38.83013916015625
40.19375991821289, 33.56774139404297
12.463167190551758, 39.351051330566406
10.605667114257812, 40.7294807434082
12.206421852111816, 38.01896286010742
30.715126037597656, 33.210445404052734
14.789819717407227, 40.080204010009766
13.031061172485352, 38.47550582885742
4.501727104187012, 39.232181549072266
14.492816925048828, 37.884483337402344
20.163623809814453, 38.556243896484375
22.514989852905273, 34.79621124267578
21.453811645507812, 32.21141815185547
21.061912536621094, 42.200687408447266
25.5812931060791, 43.09731674194336
22.07887840270996, 39.07710266113281
27.369976043701172, 41.3958854675293
41.18787384033203, 39.374568939208984
29.86574935913086, 40.26738739013672
20.452003479003906, 37.26080322265625
5.631054878234863, 31.56557273864746
26.029996871948242, 32.25889205932617
41.9592170715332, 31.09644317626953
0.660845935344696, 31.18219566345215
3.0353384017944336, 31.72405433654785
24.281892776489258, 42.24706268310547
16.887371063232422, 39.34483337402344
10.189491271972656, 40.67612838745117
5.3210835456848145, 43.5489616394043
9.014547348022461, 40.7004280090332
36.98537063598633, 36.84865951538086
27.661636352539062, 44.17438888549805
20.70659828186035, 39.62773132324219
16.997726440429688, 36.69947052001953
20.889984130859375, 32.203857421875
39.476036071777344, 42.01076889038086
19.00584602355957, 38.7676887512207
7.000146389007568, 31.966094970703125
20.56563949584961, 37.90132141113281
33.233646392822266, 43.74113845825195
38.69100570678711, 34.68769454956055
20.541179656982422, 33.776832580566406
16.254209518432617, 36.04651641845703
19.719642639160156, 42.08768844604492
19.338836669921875, 37.04277801513672
37.10748291015625, 36.938472747802734
16.85382843017578, 40.06551742553711
26.82994270324707, 41.66334533691406
20.576074600219727, 42.960792541503906
18.833555221557617, 34.97515106201172
36.67900085449219, 34.49740982055664
21.3524227142334, 34.29972839355469
9.322528839111328, 39.607566833496094
20.530364990234375, 35.54690933227539
7.4192795753479, 40.36684799194336
13.200593948364258, 36.389320373535156
39.57277297973633, 34.3287353515625
5.694446563720703, 42.753265380859375
17.208221435546875, 35.428157806396484
8.204745292663574, 41.984554290771484
18.690385818481445, 41.208614349365234
38.5755500793457, 41.32680892944336
43.753787994384766, 31.63104820251465
1.781803011894226, 30.65036392211914
9.940645217895508, 32.55459976196289
19.705808639526367, 33.863887786865234
21.527496337890625, 30.983028411865234
33.50664138793945, 42.34410095214844
18.44832420349121, 41.0682373046875
27.602487564086914, 36.51432418823242
31.980337142944336, 39.56412887573242
36.725345611572266, 38.83828353881836
17.18653106689453, 39.82399368286133
21.955663681030273, 39.79043197631836
17.051462173461914, 41.29391098022461
31.61300277709961, 39.23086929321289
29.752012252807617, 36.066184997558594
21.833078384399414, 37.452579498291016
16.998149871826172, 37.17703628540039
4.9578166007995605, 44.46495819091797
7.4981794357299805, 43.42693328857422
27.598093032836914, 35.82495880126953
18.896408081054688, 41.60255432128906
6.361574172973633, 35.4442024230957
47.18740463256836, 41.53938293457031
20.94471549987793, 44.952701568603516
44.77693557739258, 30.669776916503906
2.859332323074341, 35.53562545776367
5.407698154449463, 33.39319610595703
47.049564361572266, 34.07691192626953
29.225622177124023, 37.07651138305664
14.77714729309082, 30.78527069091797
22.546581268310547, 37.00529479980469
27.275714874267578, 38.15266418457031
21.539552688598633, 41.79850769042969
19.619831085205078, 36.324954986572266
21.901029586791992, 37.785152435302734
9.75300121307373, 41.513336181640625
8.277666091918945, 33.150306701660156
14.980401992797852, 39.218421936035156
32.30856704711914, 42.02943420410156
23.057310104370117, 36.109066009521484
7.063125133514404, 33.42615509033203
24.783323287963867, 33.96649169921875
27.7462158203125, 33.439369201660156
6.185166835784912, 30.188444137573242
4.655932426452637, 31.096527099609375
4.783341407775879, 35.17211151123047
4.732709884643555, 30.94241714477539
41.179107666015625, 30.674179077148438
28.338844299316406, 32.58964538574219
24.81847381591797, 42.36854934692383
30.357654571533203, 41.44306945800781
31.99307632446289, 34.56044387817383
5.345041275024414, 37.0374641418457
29.051469802856445, 37.77528381347656
32.91463088989258, 30.2157039642334
21.480546951293945, 39.432655334472656
14.719917297363281, 41.86027145385742
19.524261474609375, 38.637691497802734
13.755690574645996, 38.51078414916992
41.641422271728516, 34.357421875
8.421316146850586, 36.30092239379883
24.588743209838867, 35.435646057128906
15.161133766174316, 32.806640625
21.18419075012207, 37.586936950683594
14.308862686157227, 40.35018539428711
17.092906951904297, 39.53780746459961
47.88827896118164, 43.996097564697266
24.106170654296875, 35.74197006225586
8.235064506530762, 42.473934173583984
28.012046813964844, 40.414337158203125
20.553936004638672, 35.64419937133789
22.523441314697266, 37.273529052734375
32.64864730834961, 36.80350112915039
32.98445510864258, 43.335323333740234
0.5099964141845703, 41.30195999145508
27.227588653564453, 35.35584259033203
33.6475715637207, 32.62579345703125
22.627120971679688, 38.192222595214844
21.0042781829834, 34.73099136352539
24.452531814575195, 35.05751419067383
2.7300500869750977, 31.70494270324707
10.250514030456543, 32.27840805053711
35.04563903808594, 37.715877532958984
22.950143814086914, 32.23716354370117
23.742450714111328, 32.40652084350586
30.362607955932617, 37.3110466003418
40.427738189697266, 38.22919464111328
16.5072078704834, 42.6297607421875
4.450316905975342, 30.749608993530273
9.846992492675781, 34.246192932128906
11.472356796264648, 38.656734466552734
15.566681861877441, 36.43037033081055
44.14276123046875, 43.22148513793945
33.66630172729492, 37.77802276611328
23.70691680908203, 42.087623596191406
22.21979331970215, 43.25410842895508
34.37102127075195, 43.12469482421875
0.6650557518005371, 41.199039459228516
29.700639724731445, 44.328006744384766
41.311492919921875, 34.74488830566406
31.395774841308594, 32.48713302612305
27.30396842956543, 42.286865234375
21.357398986816406, 39.219688415527344
26.51264190673828, 34.4807014465332
6.235141754150391, 33.392452239990234
32.96221160888672, 36.826576232910156
33.07394790649414, 36.3811149597168
18.17286491394043, 44.374141693115234
10.706921577453613, 33.13522720336914
24.98444366455078, 35.44045639038086
17.146394729614258, 31.610197067260742
37.684349060058594, 34.04344177246094
25.130155563354492, 36.97129440307617
12.11159896850586, 36.96657180786133
13.52033805847168, 41.9666862487793
32.49995422363281, 41.94773864746094
29.665002822875977, 42.507503509521484
26.461191177368164, 44.295082092285156
35.84423828125, 34.884517669677734
6.354736328125, 42.0489616394043
8.692180633544922, 35.90312957763672
4.586061000823975, 30.46957778930664
5.730118751525879, 43.671409606933594
18.502017974853516, 43.119972229003906
39.7884521484375, 36.14427185058594
46.015865325927734, 42.53420639038086
24.189632415771484, 37.54909896850586
30.212072372436523, 35.439517974853516
18.231290817260742, 36.29499435424805
30.012744903564453, 43.17816925048828
22.619140625, 36.82899475097656
16.545194625854492, 31.449623107910156
20.530349731445312, 39.647430419921875
25.011205673217773, 44.299922943115234
5.786958694458008, 41.821815490722656
18.765399932861328, 39.52817916870117
14.268403053283691, 32.75316619873047
11.3206787109375, 36.28449630737305
40.663543701171875, 31.65122413635254
43.532325744628906, 31.453882217407227
19.434280395507812, 37.72125244140625
28.328811645507812, 38.14234161376953
14.847116470336914, 40.37672805786133
41.381526947021484, 33.85706329345703
15.170441627502441, 36.7065315246582
17.9625301361084, 40.39997100830078
18.09954261779785, 40.61524200439453
30.10134506225586, 40.479522705078125
28.421236038208008, 37.629737854003906
16.47894859313965, 34.15374755859375
17.195709228515625, 34.714317321777344
34.96623229980469, 36.56748580932617
22.237607955932617, 33.42190933227539
5.043920040130615, 42.802425384521484
9.254107475280762, 31.056886672973633
9.173736572265625, 35.997108459472656
10.887344360351562, 40.49881362915039
27.94753074645996, 30.64291000366211
42.07468795776367, 35.190574645996094
36.18461608886719, 36.8613395690918
20.45340347290039, 31.309064865112305
23.30240821838379, 33.34126663208008
15.664209365844727, 39.80785369873047
15.741937637329102, 32.393009185791016
8.838984489440918, 36.602684020996094
28.302392959594727, 36.14548873901367
38.10305404663086, 35.60228729248047
22.82711410522461, 43.823509216308594
11.128040313720703, 39.30907440185547
11.650018692016602, 36.92192459106445
14.898229598999023, 36.03330993652344
10.33487606048584, 41.323638916015625
28.157146453857422, 41.330848693847656
20.636383056640625, 37.710693359375
21.135013580322266, 41.678558349609375
7.970427989959717, 41.54534149169922
33.982261657714844, 32.90504455566406
32.44715881347656, 41.946510314941406
41.03388214111328, 36.99686050415039
11.70978832244873, 30.069795608520508
2.2788047790527344, 32.1453971862793
10.246665000915527, 40.75229263305664
10.765609741210938, 39.32344436645508
26.79413604736328, 37.412776947021484
4.275655269622803, 39.070106506347656
12.741512298583984, 38.7198600769043
2.4055135250091553, 34.624324798583984
22.192840576171875, 38.41543197631836
18.72557830810547, 37.983055114746094
23.49207305908203, 38.66155242919922
25.957977294921875, 39.95117950439453
24.75438117980957, 43.90723419189453
1.9727884531021118, 40.26013946533203
25.2686767578125, 40.516815185546875
12.47506046295166, 37.46372604370117
28.632417678833008, 40.08220672607422
6.296737194061279, 32.593162536621094
33.417335510253906, 41.609580993652344
17.66653060913086, 41.46657180786133
13.366050720214844, 42.84404754638672
27.05501937866211, 41.138824462890625
49.28680419921875, 37.3248291015625
17.3859806060791, 40.01350784301758
4.667452812194824, 40.972164154052734
2.6022520065307617, 31.39794921875
38.07680130004883, 37.585269927978516
25.997154235839844, 30.760055541992188
5.394308090209961, 32.371551513671875
22.752382278442383, 35.171470642089844
10.599761009216309, 33.6727180480957
11.958724021911621, 40.19004821777344
16.665678024291992, 37.34589385986328
23.841829299926758, 42.57417297363281
8.883216857910156, 42.857208251953125
19.752531051635742, 32.25973892211914
10.288738250732422, 44.90238571166992
21.74385643005371, 36.97412109375
18.941940307617188, 40.23748016357422
18.993494033813477, 36.98429870605469
16.82483673095703, 44.68110656738281
4.735331058502197, 35.933902740478516
15.489587783813477, 34.82361602783203
7.958291053771973, 40.224098205566406
42.7055549621582, 31.18195343017578
30.828155517578125, 34.24159240722656
42.29508590698242, 32.357540130615234
3.0184783935546875, 40.6875114440918
40.53013229370117, 33.28215789794922
7.902152061462402, 30.81735610961914
1.2591558694839478, 40.322322845458984
20.728593826293945, 30.93651008605957
33.40615463256836, 34.589080810546875
8.093266487121582, 41.95160675048828
46.247005462646484, 42.43082809448242
33.10021209716797, 37.633819580078125
25.772457122802734, 38.437992095947266
23.376827239990234, 35.763336181640625
22.95985984802246, 38.84245681762695
28.838443756103516, 35.395023345947266
29.744144439697266, 40.40180969238281
8.80540657043457, 30.574371337890625
38.80335998535156, 36.276832580566406
21.32158851623535, 43.69668197631836
40.514915466308594, 39.13054275512695
12.019306182861328, 32.21168899536133
27.79275131225586, 37.16090774536133
9.031579971313477, 42.71712112426758
11.6760892868042, 34.63895797729492
32.31454086303711, 36.956199645996094
28.21648597717285, 36.899444580078125
17.344650268554688, 42.27750015258789
26.201107025146484, 32.41080856323242
26.439565658569336, 35.829803466796875
9.825387001037598, 34.21310806274414
8.272850036621094, 38.22632598876953
6.558816432952881, 30.158916473388672
34.4872932434082, 41.74733352661133
23.97433090209961, 44.33789825439453
41.66443634033203, 31.0933780670166
9.643868446350098, 36.82719802856445
22.99913787841797, 39.93418884277344
21.844261169433594, 42.53565979003906
33.32589340209961, 41.121253967285156
22.509593963623047, 35.568695068359375
26.009592056274414, 42.371421813964844
15.458072662353516, 39.48680877685547
22.054035186767578, 30.356689453125
39.61330032348633, 43.15237808227539
15.44212818145752, 40.988399505615234
31.939023971557617, 40.895023345947266
13.947291374206543, 32.3047981262207
11.527374267578125, 43.41577911376953
9.382585525512695, 43.39665222167969
13.440877914428711, 35.67314910888672
12.802083969116211, 30.25255012512207
22.589250564575195, 43.85852813720703
8.243569374084473, 32.146263122558594
9.14991569519043, 43.449954986572266
13.68501091003418, 33.882530212402344
13.907795906066895, 38.26492691040039
34.777191162109375, 32.19989776611328
8.152608871459961, 40.922203063964844
14.576534271240234, 40.01490783691406
22.68853187561035, 41.596435546875
6.322667598724365, 33.863067626953125
16.98756217956543, 40.25151443481445
2.783130168914795, 31.445077896118164
27.544267654418945, 39.3302116394043
9.87935733795166, 38.4142951965332
42.796653747558594, 37.50605010986328
16.68616485595703, 40.911617279052734
20.345104217529297, 30.669748306274414
20.036048889160156, 34.8515510559082
15.250930786132812, 41.97673797607422
1.4023045301437378, 32.35165786743164
1.7505948543548584, 30.468379974365234
28.385787963867188, 43.34178161621094
8.68239974975586, 40.45844650268555
29.756061553955078, 43.04521560668945
19.439594268798828, 37.07406997680664
13.639691352844238, 39.562313079833984
4.682600975036621, 40.35014343261719
24.164634704589844, 34.207916259765625
49.248435974121094, 40.78843688964844
26.650957107543945, 35.57674026489258
33.18998718261719, 36.221580505371094
6.648797988891602, 32.68686294555664
0.3524404764175415, 43.04777145385742
39.77184295654297, 30.23322296142578
29.581424713134766, 35.74241638183594
25.85959243774414, 39.35234832763672
10.936970710754395, 41.63203811645508
14.308144569396973, 39.091495513916016
1.2946889400482178, 30.714555740356445
7.565695285797119, 42.843143463134766
43.877044677734375, 44.89915084838867
10.274285316467285, 39.498809814453125
19.656835556030273, 36.94255828857422
39.27897644042969, 33.408531188964844
31.744020462036133, 39.754371643066406
43.17505645751953, 31.77154541015625
25.617158889770508, 41.75187301635742
27.47916030883789, 37.793426513671875
38.7530517578125, 31.937183380126953
15.680597305297852, 36.14996337890625
27.236989974975586, 43.91865158081055
5.307671546936035, 30.6931095123291
24.197965621948242, 42.07427978515625
26.64136505126953, 44.71221923828125
31.90648651123047, 36.40487289428711
29.130563735961914, 37.66392517089844
11.091557502746582, 36.44929885864258
26.17047691345215, 35.00896453857422
9.62007999420166, 39.54740905761719
33.943870544433594, 38.232810974121094
5.828105926513672, 30.175682067871094
4.023472309112549, 35.60514450073242
24.336652755737305, 43.623268127441406
35.04701232910156, 35.32704544067383
15.093395233154297, 33.65813064575195
20.232406616210938, 37.65220642089844
26.1943302154541, 41.31525421142578
15.933072090148926, 44.03020095825195
18.25948715209961, 38.31371307373047
15.282798767089844, 36.13093948364258
22.314172744750977, 42.27565383911133
30.219545364379883, 34.549625396728516
29.007139205932617, 39.20588302612305
21.824485778808594, 39.55653381347656
19.86474609375, 37.75126266479492
4.31033992767334, 35.574989318847656
28.62275505065918, 32.679325103759766
10.591429710388184, 36.615230560302734
14.726801872253418, 40.10300064086914
11.863802909851074, 31.917444229125977
21.020639419555664, 41.43608093261719
28.65774154663086, 32.170440673828125
20.350624084472656, 43.363712310791016
27.390987396240234, 34.868812561035156
29.232986450195312, 33.672298431396484
44.53412628173828, 31.534244537353516
21.018503189086914, 36.52827453613281
48.620391845703125, 38.24034118652344
24.7431697845459, 36.710792541503906
43.119606018066406, 30.872787475585938
18.756973266601562, 30.634241104125977
37.21411895751953, 41.43224334716797
29.965171813964844, 40.45503616333008
24.304920196533203, 37.73142623901367
31.847196578979492, 35.52334976196289
12.54520320892334, 33.301300048828125
14.066631317138672, 39.227176666259766
31.266572952270508, 43.98249053955078
23.842296600341797, 40.965946197509766
18.801511764526367, 41.75482177734375
12.176753997802734, 42.74330520629883
21.410192489624023, 41.203819274902344
25.767425537109375, 38.755332946777344
29.855331420898438, 44.17043685913086
29.719451904296875, 43.81864929199219
13.626224517822266, 35.05516052246094
9.102693557739258, 41.30562210083008
32.93513870239258, 39.222957611083984
16.62000846862793, 37.99480056762695
25.56185531616211, 40.37442398071289
34.75354766845703, 35.808074951171875
35.59458541870117, 37.694549560546875
22.965253829956055, 43.12468338012695
23.234169006347656, 34.43644332885742
26.86040496826172, 39.7822151184082
16.565378189086914, 39.11948776245117
27.0793399810791, 41.0654411315918
40.85419845581055, 31.988525390625
21.866559982299805, 40.28459548950195
15.822086334228516, 39.268898010253906
5.3151774406433105, 42.10472106933594
17.201183319091797, 35.92580795288086
2.0952203273773193, 31.282306671142578
4.6141743659973145, 32.42096710205078
2.9491770267486572, 32.83383560180664
26.126192092895508, 31.196863174438477
40.573341369628906, 32.4178466796875
16.07853126525879, 37.46784973144531
13.577628135681152, 40.393611907958984
20.020662307739258, 38.674163818359375
16.270200729370117, 33.85446548461914
22.296966552734375, 37.701786041259766
34.601417541503906, 42.762149810791016
48.28058624267578, 30.579984664916992
40.018436431884766, 33.26314926147461
38.60895919799805, 30.23053741455078
13.742040634155273, 42.97719955444336
8.741991996765137, 41.65217590332031
29.202232360839844, 38.259159088134766
23.980966567993164, 37.19976043701172
21.225452423095703, 38.492305755615234
23.000272750854492, 33.29792022705078
42.98537826538086, 42.318092346191406
2.765547275543213, 32.539920806884766
21.532329559326172, 40.67533493041992
11.999034881591797, 44.01447296142578
45.211429595947266, 41.473690032958984
22.320859909057617, 40.227638244628906
27.487699508666992, 36.964630126953125
14.852622985839844, 44.749290466308594
38.91196060180664, 35.11030197143555
10.07045841217041, 33.828983306884766
42.049896240234375, 32.84176254272461
26.443960189819336, 37.04538345336914
7.085552215576172, 32.969120025634766
19.166458129882812, 31.958984375
12.828033447265625, 37.9920768737793
25.40106964111328, 35.38422775268555
29.058666229248047, 30.782485961914062
10.940583229064941, 37.57289505004883